1,24,4,5
2,11,6,1
3,123,6,2
4,55,1,1
5,93,6,2
6,49,2,4
7,118,3,1
8,51,4,2
9,96,1,1
10,102,5,1
11,21,5,1
12,9,2,3
13,71,2,1
14,88,6,1
15,95,6,1
16,63,2,2
17,128,6,1
18,37,4,4
19,73,5,4
20,117,3,1
21,2,4,2
22,55,3,4
23,19,6,4
24,38,5,3
25,112,3,3
26,3,2,3
27,125,6,4
28,36,6,4
29,45,3,3
30,8,3,2
31,81,3,1
32,82,2,4
33,14,4,4
34,62,1,4
35,1,6,1
36,94,4,4
37,19,2,1
38,117,1,5
39,26,3,1
40,29,3,5
41,24,3,5
42,115,1,5
43,91,5,2
44,89,3,5
45,4,2,2
46,87,6,4
47,19,4,4
48,8,3,3
49,34,3,1
50,89,6,5
51,118,1,3
52,125,5,2
53,19,2,3
54,125,3,1
55,25,1,3
56,102,6,1
57,26,1,3
58,3,1,3
59,59,3,4
60,10,4,2
61,76,4,3
62,21,5,5
63,22,3,3
64,8,1,1
65,4,2,3
66,59,3,1
67,19,6,4
68,84,5,1
69,129,6,5
70,39,5,4
71,116,4,4
72,3,6,5
73,71,5,1
74,128,4,5
75,92,2,3
76,74,6,3
77,34,3,3
78,38,1,4
79,26,6,3
80,12,5,3
81,76,1,3
82,46,2,1
83,95,2,4
84,80,2,1
85,58,4,3
86,29,4,5
87,104,5,5
88,26,6,1
89,54,3,3
90,58,6,5
91,62,2,5
92,81,2,5
93,98,6,3
94,53,6,1
95,113,5,2
96,68,3,1
97,113,2,3
98,72,5,5
99,2,6,1
100,31,1,4
101,82,5,4
102,111,1,5
103,110,3,2
104,84,6,1
105,60,2,5
106,38,2,5
107,40,5,2
108,48,3,3
109,57,4,3
110,11,6,5
111,110,4,4
112,102,4,5
113,49,4,1
114,43,4,5
115,94,3,4
116,48,3,5
117,41,5,2
118,99,2,4
119,30,2,1
120,70,1,5
121,28,4,2
122,27,2,3
123,97,2,5
124,83,5,5
125,49,5,4
126,6,3,2
127,3,1,2
128,91,3,1
129,115,4,5
130,112,5,1
131,113,1,3
132,49,2,4
133,76,1,1
134,3,6,4
135,47,5,1
136,54,6,2
137,56,1,5
138,29,3,3
139,100,2,4
140,76,5,4
141,94,1,1
142,121,2,4
143,64,1,2
144,34,6,3
145,7,2,5
146,88,3,4
147,123,5,5
148,94,6,5
149,40,1,1
150,79,6,5
151,56,1,1
152,27,4,4
153,8,1,2
154,53,3,5
155,128,6,5
156,28,4,4
157,58,4,5
158,59,3,1
159,11,1,1
160,47,5,3
161,84,1,3
162,39,3,1
163,90,1,1
164,24,1,2
165,38,5,1
166,93,5,4
167,30,4,1
168,76,5,2
169,2,1,3
170,91,2,2
171,57,5,1
172,75,6,2
173,62,1,5
174,82,3,1
175,28,5,5
176,123,5,2
177,77,3,1
178,94,4,5
179,74,5,4
180,125,5,3
181,62,5,5
182,77,5,4
183,95,6,3
184,79,1,5
185,93,6,4
186,41,5,4
187,117,2,3
188,31,1,1
189,67,6,2
190,87,4,4
191,7,5,3
192,23,5,5
193,88,5,5
194,65,1,5
195,34,6,2
196,94,4,1
197,83,4,4
198,31,2,1
199,4,2,2
200,91,5,5
201,65,1,2
202,1,2,1
203,38,1,1
204,50,5,4
205,64,1,1
206,55,5,3
207,17,2,5
208,1,3,3
209,120,5,3
210,114,2,3
211,94,3,2
212,62,3,4
213,50,3,1
214,54,3,1
215,62,6,5
216,7,1,2
217,58,3,1
218,90,4,3
219,62,3,1
220,78,3,3
221,113,5,3
222,1,2,1
223,4,6,3
224,52,2,3
225,1,2,3
226,22,3,3
227,71,6,1
228,49,4,4
229,53,1,1
230,124,3,4
231,100,3,2
232,50,1,4
233,22,2,1
234,1,6,5
235,88,3,2
236,100,6,3
237,95,1,4
238,12,6,3
239,50,5,2
240,78,2,2
241,36,3,2
242,6,3,2
243,14,1,2
244,34,3,4
245,122,6,5
246,28,4,3
247,40,6,3
248,7,2,5
249,20,5,2
250,18,4,3
251,5,2,4
252,9,1,4
253,94,5,4
254,51,2,5
255,118,3,5
256,106,5,1
257,70,1,1
258,54,5,1
259,13,3,4
260,106,1,2
261,42,5,4
262,31,6,1
263,96,2,3
264,106,6,2
265,91,2,3
266,12,5,2
267,100,1,2
268,9,3,1
269,46,2,1
270,65,6,3
271,112,3,5
272,129,5,1
273,58,4,2
274,25,2,5
275,30,3,4
276,64,1,3
277,71,3,2
278,19,2,5
279,111,1,2
280,2,3,4
281,97,5,1
282,27,5,3
283,40,5,3
284,83,6,3
285,58,3,2
286,102,2,1
287,26,2,2
288,124,2,5
289,16,2,2
290,87,1,1
291,68,1,5
292,113,1,3
293,22,2,3
294,26,4,3
295,120,4,2
296,22,2,4
297,3,1,1
298,43,1,2
299,43,4,1
300,96,4,2
301,29,2,1
302,17,6,1
303,63,6,1
304,62,1,4
305,103,2,3
306,41,4,3
307,31,4,4
308,28,3,1
309,38,6,4
310,123,2,2
311,9,2,3
312,59,3,3
313,65,2,1
314,95,1,1
315,105,5,2
316,58,6,5
317,8,2,2
318,74,6,3
319,5,1,1
320,67,3,2
321,76,4,4
322,102,4,1
323,68,5,1
324,64,3,4
325,116,2,3
326,128,4,2
327,82,5,2
328,59,4,2
329,91,5,4
330,39,5,5
331,48,4,1
332,129,4,1
333,110,5,2
334,51,3,2
335,76,4,2
336,79,1,5
337,57,5,3
338,44,6,4
339,121,5,2
340,3,4,5
341,125,4,1
342,22,1,1
343,78,2,3
344,46,1,3
345,8,5,5
346,22,5,3
347,17,6,1
348,57,1,2
349,116,2,4
350,6,3,4
351,83,4,4
352,74,5,2
353,76,3,2
354,54,4,4
355,101,6,5
356,23,2,3
357,15,4,4
358,88,6,2
359,104,4,5
360,112,6,3
361,79,5,4
362,4,4,3
363,79,4,5
364,96,5,2
365,42,1,1
366,49,5,5
367,97,1,3
368,85,5,3
369,70,2,2
370,79,1,1
371,82,2,3
372,48,2,3
373,20,4,3
374,86,1,4
375,16,2,2
376,61,1,5
377,79,3,5
378,48,1,3
379,117,4,1
380,119,5,5
381,126,3,1
382,70,4,5
383,98,1,5
384,111,1,5
385,6,2,1
386,83,4,5
387,98,4,3
388,129,1,4
389,49,3,5
390,87,5,1
391,93,6,3
392,1,2,1
393,46,4,4
394,73,3,1
395,73,3,4
396,31,2,5
397,54,5,2
398,100,1,4
399,118,1,4
400,28,5,3
401,116,5,5
402,55,1,2
403,82,3,1
404,18,1,3
405,128,6,3
406,80,5,2
407,14,1,5
408,121,2,5
409,7,1,5
410,17,6,3
411,41,5,2
412,4,6,5
413,48,3,5
414,113,6,4
415,68,1,2
416,94,5,4
417,94,5,4
418,122,5,4
419,25,1,5
420,85,2,5
421,126,3,1
422,28,4,5
423,96,2,5
424,96,2,1
425,1,1,4
426,63,3,1
427,52,6,1
428,84,2,3
429,89,1,5
430,60,4,3
431,77,3,3
432,18,3,4
433,42,6,2
434,60,6,3
435,85,5,2
436,103,6,3
437,102,6,2
438,37,1,5
439,82,6,4
440,77,2,3
441,90,2,5
442,33,5,1
443,47,5,1
444,101,4,2
445,39,1,4
446,48,5,4
447,124,1,3
448,31,5,5
449,28,6,4
450,109,3,1
451,65,3,1
452,19,3,2
453,89,3,5
454,9,2,4
455,51,6,4
456,83,1,4
457,3,1,3
458,90,3,1
459,17,3,4
460,32,4,4
461,118,2,3
462,33,6,2
463,113,3,2
464,84,5,5
465,80,2,4
466,117,5,5
467,18,1,1
468,22,2,5
469,3,5,2
470,59,3,1
471,105,3,4
472,19,5,2
473,91,2,5
474,8,2,2
475,68,4,2
476,58,2,3
477,77,5,5
478,123,1,4
479,123,4,1
480,43,1,5
481,127,2,4
482,20,2,1
483,105,2,3
484,123,3,5
485,6,1,2
486,85,1,2
487,123,3,2
488,99,2,3
489,128,2,1
490,46,3,4
491,50,5,1
492,41,5,4
493,101,6,2
494,113,6,3
495,113,4,3
496,57,6,2
497,121,4,2
498,116,3,1
499,29,2,2
500,87,5,1
501,103,2,3
502,119,5,1
503,63,5,1
504,98,1,2
505,36,6,4
506,82,6,3
507,77,3,2
508,26,6,5
509,26,3,1
510,84,3,2
511,26,1,1
512,128,4,2
513,36,3,2
514,36,6,1
515,61,2,1
516,36,3,1
517,113,6,5
518,72,4,1
519,54,6,2
520,26,3,2
521,26,5,5
522,31,3,2
523,11,4,4
524,55,3,4
525,77,1,4
526,52,6,1
527,111,3,2
528,117,2,4
529,124,2,1
530,99,4,1
531,60,1,1
532,98,1,2
533,123,4,5
534,75,6,1
535,6,1,2
536,25,3,2
537,127,4,1
538,42,5,4
539,94,1,3
540,84,3,1
541,103,1,3
542,113,5,4
543,114,6,3
544,118,3,3
545,89,3,3
546,12,2,4
547,20,4,3
548,98,6,1
549,16,4,3
550,34,4,3
551,21,3,2
552,121,4,5
553,78,1,4
554,51,6,1
555,3,2,1
556,47,2,4
557,17,2,5
558,23,3,2
559,55,2,2
560,119,4,3
561,15,3,3
562,71,1,3
563,23,5,3
564,88,6,4
565,54,5,2
566,22,4,2
567,20,5,1
568,86,1,1
569,65,2,4
570,47,6,3
571,32,4,2
572,82,5,5
573,83,3,3
574,34,5,1
575,14,6,2
576,93,4,4
577,27,2,1
578,129,5,3
579,50,4,3
580,26,4,1
581,54,4,4
582,26,3,3
583,41,3,3
584,63,4,2
585,74,4,4
586,70,3,2
587,100,5,1
588,1,1,1
589,90,5,3
590,37,6,1
591,93,6,3
592,47,6,2
593,57,3,3
594,51,3,3
595,36,6,1
596,44,3,1
597,109,5,2
598,74,2,3
599,35,6,3
600,84,1,1
601,23,6,4
602,80,1,1
603,95,1,5
604,56,6,1
605,10,3,5
606,4,5,5
607,47,3,4
608,32,3,2
609,120,1,2
610,28,2,1
611,54,1,2
612,61,1,5
613,6,3,4
614,31,2,1
615,29,1,2
616,85,6,4
617,66,5,1
618,116,5,4
619,58,4,4
620,109,4,3
621,116,5,1
622,126,4,2
623,123,1,5
624,95,6,2
625,50,6,2
626,121,3,3
627,104,6,5
628,56,2,3
629,32,2,3
630,24,3,5
631,67,4,1
632,13,2,5
633,12,1,4
634,15,6,3
635,74,2,5
636,60,1,2
637,82,6,5
638,112,1,5
639,49,4,3
640,80,3,2
641,102,6,2
642,1,1,4
643,114,6,2
644,27,3,4
645,24,1,5
646,41,1,1
647,22,2,1
648,61,5,2
649,23,6,3
650,31,2,4
651,49,3,4
652,89,6,5
653,121,4,2
654,43,5,5
655,125,3,2
656,85,3,5
657,91,1,4
658,30,4,2
659,42,5,1
660,77,4,4
661,120,3,5
662,50,5,2
663,84,1,4
664,14,3,1
665,50,2,3
666,37,5,5
667,39,6,2
668,127,3,5
669,45,5,1
670,13,2,4
671,93,6,1
672,77,6,4
673,9,4,5
674,41,5,5
675,16,3,1
676,96,6,3
677,96,2,3
678,19,2,5
679,93,1,3
680,86,3,5
681,39,1,5
682,101,6,5
683,46,5,1
684,96,2,2
685,58,4,4
686,93,4,4
687,45,5,2
688,101,5,3
689,62,3,4
690,61,3,2
691,89,4,4
692,11,4,2
693,99,4,4
694,50,1,1
695,120,5,4
696,58,1,4
697,95,2,5
698,60,4,5
699,91,3,5
700,34,5,1
701,75,1,2
702,33,6,3
703,115,5,2
704,24,1,1
705,44,1,1
706,8,5,5
707,118,5,4
708,6,6,2
709,80,6,4
710,74,1,1
711,41,6,5
712,123,3,4
713,70,6,3
714,2,3,1
715,108,2,5
716,9,3,2
717,126,2,1
718,48,5,2
719,51,5,4
720,102,4,2
721,32,3,3
722,28,4,5
723,32,5,2
724,38,4,5
725,63,3,1
726,40,3,1
727,101,6,2
728,56,4,3
729,22,5,2
730,30,1,2
731,97,6,4
732,49,4,3
733,61,5,1
734,14,5,1
735,110,3,5
736,93,3,5
737,72,4,5
738,68,4,3
739,37,5,3
740,92,6,1
741,53,2,1
742,63,5,2
743,120,5,4
744,74,5,2
745,92,2,4
746,42,2,1
747,33,1,4
748,51,2,2
749,93,5,1
750,102,3,5
751,97,6,3
752,46,6,5
753,11,1,2
754,31,1,3
755,85,2,4
756,3,6,3
757,3,6,3
758,56,2,4
759,2,3,4
760,65,1,5
761,5,6,5
762,126,4,3
763,101,5,4
764,110,2,2
765,69,6,4
766,63,4,5
767,125,5,1
768,97,2,1
769,77,5,1
770,78,3,5
771,126,6,1
772,88,6,3
773,116,4,1
774,18,6,1
775,70,6,5
776,21,6,2
777,67,3,5
778,100,2,3
779,64,1,4
780,53,3,4
781,63,6,3
782,3,4,4
783,13,3,1
784,96,3,4
785,30,1,1
786,6,6,1
787,94,1,1
788,87,5,2
789,91,4,4
790,81,2,5
791,127,6,2
792,43,3,5
793,109,5,5
794,127,4,1
795,43,3,4
796,4,3,3
797,91,5,2
798,97,3,5
799,121,3,4
800,5,1,4
801,36,2,1
802,75,4,2
803,68,6,3
804,109,4,5
805,32,4,4
806,121,3,4
807,69,4,1
808,115,6,5
809,67,3,5
810,106,2,1
811,94,5,5
812,89,3,1
813,7,6,1
814,66,6,3
815,58,5,1
816,19,6,2
817,6,1,2
818,94,6,3
819,41,1,5
820,35,6,5
821,83,4,2
822,10,4,3
823,50,3,4
824,46,3,2
825,108,2,4
826,52,1,1
827,9,1,5
828,77,2,1
829,78,5,3
830,1,5,4
831,67,2,2
832,28,2,2
833,76,3,4
834,88,1,2
835,18,4,1
836,60,3,5
837,16,1,3
838,64,3,4
839,10,6,2
840,105,5,1
841,93,5,1
842,118,5,4
843,129,4,4
844,61,1,2
845,68,1,2
846,16,6,4
847,9,1,1
848,29,3,3
849,35,5,3
850,126,1,2
851,18,2,5
852,112,4,5
853,43,2,1
854,47,4,1
855,44,3,5
856,31,6,4
857,100,2,5
858,102,3,4
859,90,1,1
860,98,2,4
861,34,6,4
862,86,5,4
863,72,2,2
864,87,1,1
865,110,4,1
866,58,3,3
867,40,5,5
868,39,5,4
869,14,1,1
870,93,1,2
871,105,1,1
872,11,4,1
873,89,2,3
874,68,1,5
875,100,6,4
876,118,4,5
877,44,3,1
878,116,6,4
879,9,6,5
880,39,1,3
881,67,1,1
882,25,1,2
883,21,1,5
884,82,6,1
885,16,1,1
886,21,5,1
887,102,1,3
888,10,1,1
889,33,5,2
890,5,2,3
891,93,5,5
892,74,5,1
893,19,5,5
894,49,6,3
895,60,2,1
896,38,1,1
897,34,1,2
898,39,2,4
899,2,5,1
900,81,6,1
901,78,1,1
902,50,4,3
903,93,4,5
904,65,6,3
905,20,6,2
906,124,1,4
907,2,4,4
908,83,6,2
909,69,6,1
910,56,5,2
911,95,1,4
912,78,6,5
913,5,6,5
914,117,4,2
915,9,3,1
916,122,2,3
917,14,5,1
918,122,2,4
919,110,3,2
920,85,4,3
921,113,6,4
922,30,6,4
923,2,5,1
924,74,6,1
925,27,1,4
926,48,6,5
927,128,1,1
928,104,5,4
929,74,1,1
930,118,2,4
931,89,1,2
932,25,3,1
933,125,4,3
934,66,5,1
935,54,6,1
936,36,6,3
937,112,3,3
938,94,6,3
939,108,1,5
940,36,2,2
941,120,6,5
942,86,3,5
943,64,6,3
944,117,4,2
945,54,2,5
946,105,1,3
947,24,6,5
948,44,2,4
949,94,1,5
950,27,6,3
951,35,1,1
952,92,5,3
953,16,1,2
954,24,1,5
955,66,4,4
956,101,2,2
957,64,1,4
958,90,4,5
959,41,4,2
960,123,6,5
961,99,5,5
962,115,5,4
963,120,2,5
964,84,6,3
965,112,1,2
966,82,2,4
967,43,3,2
968,60,4,3
969,119,1,3
970,112,2,5
971,56,5,5
972,49,5,1
973,40,5,3
974,102,6,1
975,17,3,2
976,25,5,4
977,93,6,4
978,6,3,1
979,65,5,3
980,68,5,1
981,43,4,4
982,110,1,1
983,85,2,3
984,19,2,1
985,68,2,1
986,30,2,3
987,121,6,2
988,114,1,1
989,61,6,2
990,75,2,3
991,20,4,4
992,90,1,4
993,50,2,5
994,75,1,2
995,80,3,5
996,7,5,4
997,110,5,2
998,17,1,2
999,20,4,5
1000,125,1,3
1001,96,3,3
1002,108,2,2
1003,88,1,3
1004,87,5,2
1005,30,4,3
1006,71,6,4
1007,68,5,3
1008,29,4,5
1009,109,6,2
1010,89,1,3
1011,67,1,5
1012,102,2,5
1013,19,3,5
1014,38,5,2
1015,111,3,4
1016,38,4,3
1017,95,5,4
1018,24,6,1
1019,119,5,1
1020,9,1,3
1021,115,4,2
1022,111,4,5
1023,24,6,1
1024,78,3,3
1025,69,3,4
1026,90,6,4
1027,104,6,2
1028,69,1,4
1029,118,2,2
1030,52,3,4
1031,119,5,1
1032,43,1,3
1033,87,1,5
1034,117,4,5
1035,59,1,3
1036,83,4,3
1037,64,4,1
1038,40,2,2
1039,68,3,2
1040,26,2,5
1041,111,2,3
1042,57,6,2
1043,74,2,3
1044,8,2,5
1045,118,1,2
1046,113,5,4
1047,27,1,5
1048,32,2,3
1049,67,5,3
1050,123,5,2
1051,32,2,2
1052,11,6,5
1053,109,6,5
1054,86,6,1
1055,71,1,5
1056,99,3,5
1057,66,3,2
1058,87,2,2
1059,129,6,4
1060,127,1,2
1061,56,1,4
1062,70,2,2
1063,74,6,5
1064,94,2,4
1065,33,3,3
1066,27,5,5
1067,86,1,1
1068,39,6,4
1069,125,4,2
1070,30,4,1
1071,65,4,1
1072,101,6,5
1073,110,2,5
1074,36,6,5
1075,94,4,3
1076,104,6,3
1077,65,3,4
1078,87,6,2
1079,30,4,4
1080,104,3,1
1081,49,4,2
1082,119,6,1
1083,129,6,3
1084,8,6,4
1085,68,4,4
1086,112,3,4
1087,80,5,2
1088,37,5,2
1089,53,3,3
1090,58,4,1
1091,67,6,2
1092,4,4,5
1093,60,3,2
1094,28,6,3
1095,104,4,5
1096,121,5,4
1097,77,4,3
1098,61,3,5
1099,56,4,1
1100,27,4,5
1101,87,4,1
1102,22,6,2
1103,3,4,1
1104,19,3,5
1105,103,2,5
1106,118,5,1
1107,98,4,3
1108,24,6,4
1109,23,1,3
1110,113,4,4
1111,106,1,1
1112,30,1,3
1113,58,2,2
1114,36,5,2
1115,87,2,3
1116,128,3,5
1117,58,5,5
1118,24,5,5
1119,20,5,5
1120,57,4,5
1121,26,4,5
1122,111,5,3
1123,40,2,2
1124,122,3,3
1125,70,2,4
1126,74,3,4
1127,87,5,2
1128,108,4,2
1129,32,6,1
1130,46,3,3
1131,2,2,3
1132,111,4,5
1133,63,1,2
1134,53,4,1
1135,123,3,1
1136,98,3,4
1137,49,5,5
1138,122,3,3
1139,67,2,5
1140,8,2,2
1141,106,3,1
1142,24,5,5
1143,123,1,1
1144,51,5,3
1145,14,5,1
1146,50,3,4
1147,39,1,2
1148,36,3,2
1149,13,5,5
1150,100,2,5
1151,114,1,2
1152,118,2,3
1153,59,1,4
1154,41,5,2
1155,18,4,4
1156,101,1,5
1157,74,4,4
1158,94,2,5
1159,113,5,2
1160,50,3,3
1161,37,6,5
1162,6,6,2
1163,114,6,4
1164,3,5,2
1165,28,4,5
1166,47,4,2
1167,1,1,2
1168,114,2,4
1169,112,2,1
1170,16,4,2
1171,61,2,3
1172,104,3,3
1173,98,6,5
1174,113,3,3
1175,2,4,4
1176,126,4,4
1177,69,1,5
1178,15,5,4
1179,116,5,3
1180,75,1,3
1181,43,4,5
1182,119,2,4
1183,117,5,5
1184,35,2,2
1185,42,5,1
1186,17,3,3
1187,125,6,5
1188,125,1,3
1189,86,4,3
1190,12,4,3
1191,1,1,5
1192,49,6,1
1193,39,2,1
1194,74,6,3
1195,123,2,1
1196,45,6,4
1197,72,5,4
1198,98,5,2
1199,125,3,3
1200,117,5,4
1201,73,1,4
1202,96,1,1
1203,42,1,1
1204,13,2,5
1205,116,1,5
1206,39,6,2
1207,129,1,4
1208,123,5,5
1209,107,2,3
1210,62,1,3
1211,82,2,1
1212,4,3,5
1213,68,1,4
1214,97,1,2
1215,5,3,5
1216,41,4,5
1217,127,3,4
1218,85,2,5
1219,115,5,5
1220,92,1,1
1221,126,5,5
1222,85,5,2
1223,79,6,4
1224,88,6,5
1225,126,5,2
1226,63,1,3
1227,98,3,3
1228,40,6,5
1229,63,3,3
1230,119,5,3
1231,120,2,5
1232,72,2,1
1233,84,2,2
1234,7,2,5
1235,16,4,5
1236,19,4,3
1237,9,1,1
1238,63,5,1
1239,31,6,1
1240,122,2,3
1241,108,1,1
1242,128,4,1
1243,36,5,3
1244,84,1,1
1245,80,4,5
1246,61,6,4
1247,40,6,1
1248,72,5,2
1249,9,1,3
1250,21,1,5
1251,104,3,2
1252,68,2,1
1253,112,6,2
1254,42,1,3
1255,34,4,3
1256,61,6,4
1257,121,3,1
1258,115,4,4
1259,94,1,4
1260,35,5,2
1261,17,4,2
1262,16,5,2
1263,23,4,4
1264,65,5,1
1265,9,3,5
1266,122,4,1
1267,47,1,1
1268,114,4,1
1269,70,1,1
1270,50,5,2
1271,4,4,1
1272,117,1,3
1273,116,4,4
1274,69,5,5
1275,47,6,2
1276,48,6,4
1277,107,2,5
1278,15,2,4
1279,96,1,5
1280,93,5,2
1281,33,1,3
1282,12,3,1
1283,118,3,5
1284,27,6,1
1285,86,1,2
1286,66,2,4
1287,1,5,4
1288,91,5,4
1289,61,3,2
1290,18,5,1
1291,26,4,1
1292,18,4,2
1293,122,4,5
1294,12,3,2
1295,101,2,5
1296,33,6,3
1297,12,4,1
1298,98,3,2
1299,104,2,3
1300,83,5,3
1301,65,4,3
1302,105,5,2
1303,99,3,3
1304,18,1,2
1305,56,5,3
1306,129,1,2
1307,106,5,3
1308,14,4,3
1309,40,2,1
1310,53,5,1
1311,108,3,3
1312,1,2,5
1313,93,5,5
1314,81,6,1
1315,123,1,3
1316,126,4,2
1317,123,4,4
1318,33,2,2
1319,119,6,4
1320,93,2,3
1321,6,2,4
1322,8,2,5
1323,104,4,5
1324,19,1,4
1325,120,5,3
1326,106,6,5
1327,112,4,4
1328,35,3,4
1329,28,4,2
1330,102,3,1
1331,4,6,4
1332,48,2,3
1333,35,3,3
1334,110,5,3
1335,48,2,5
1336,109,6,5
1337,36,3,5
1338,84,2,3
1339,68,2,5
1340,118,3,4
1341,109,5,3
1342,126,6,5
1343,92,1,1
1344,114,2,4
1345,41,4,5
1346,23,6,1
1347,122,1,5
1348,33,1,4
1349,61,4,4
1350,105,6,3
1351,112,6,2
1352,94,5,5
1353,65,5,5
1354,60,3,5
1355,28,1,4
1356,66,4,2
1357,37,2,4
1358,79,3,2
1359,27,6,1
1360,35,3,4
1361,32,2,3
1362,33,4,1
1363,63,5,1
1364,9,1,5
1365,66,3,1
1366,34,3,4
1367,62,1,5
1368,103,5,2
1369,48,1,3
1370,26,4,3
1371,99,3,5
1372,55,6,2
1373,89,4,4
1374,69,4,2
1375,28,2,3
1376,61,4,3
1377,67,4,1
1378,30,4,3
1379,32,4,4
1380,88,5,1
1381,85,4,3
1382,123,4,1
1383,70,3,5
1384,74,2,2
1385,49,6,5
1386,86,1,5
1387,102,1,1
1388,58,3,3
1389,109,2,1
1390,47,6,4
1391,61,5,1
1392,96,5,3
1393,31,5,2
1394,13,4,1
1395,76,2,5
1396,73,2,5
1397,119,5,1
1398,46,2,2
1399,84,1,2
1400,58,4,2
1401,4,3,5
1402,69,2,3
1403,5,5,5
1404,49,5,1
1405,84,3,5
1406,56,1,3
1407,77,1,1
1408,108,3,3
1409,68,1,5
1410,4,2,3
1411,41,4,4
1412,9,4,5
1413,66,6,5
1414,8,3,2
1415,111,5,1
1416,12,6,3
1417,29,3,2
1418,86,4,5
1419,4,4,3
1420,120,4,3
1421,112,6,3
1422,16,4,2
1423,70,5,2
1424,123,2,1
1425,53,1,4
1426,90,2,3
1427,28,1,4
1428,66,4,2
1429,94,1,1
1430,74,2,5
1431,61,2,5
1432,1,1,2
1433,1,3,5
1434,12,3,2
1435,109,5,5
1436,92,1,5
1437,85,2,5
1438,118,2,4
1439,115,4,2
1440,48,3,5
1441,104,6,4
1442,9,6,1
1443,88,3,1
1444,71,4,2
1445,115,4,1
1446,91,5,2
1447,26,4,3
1448,95,1,2
1449,54,3,5
1450,118,1,5
1451,124,3,4
1452,71,6,5
1453,55,6,4
1454,61,1,5
1455,40,3,4
1456,106,4,3
1457,62,4,1
1458,63,3,5
1459,90,2,4
1460,67,3,3
1461,14,3,5
1462,36,3,4
1463,72,2,4
1464,116,6,2
1465,93,3,3
1466,106,1,5
1467,19,2,3
1468,61,2,5
1469,95,1,2
1470,57,6,1
1471,124,4,1
1472,11,2,1
1473,125,4,5
1474,122,2,2
1475,2,3,3
1476,101,3,2
1477,10,2,2
1478,112,4,2
1479,35,3,3
1480,20,5,5
1481,60,5,3
1482,119,1,1
1483,57,2,2
1484,28,3,4
1485,102,5,4
1486,105,2,1
1487,126,6,3
1488,32,3,3
1489,76,3,3
1490,89,6,1
1491,70,2,5
1492,57,4,4
1493,2,6,2
1494,23,2,4
1495,56,3,4
1496,24,4,5
1497,35,3,4
1498,111,4,5
1499,94,6,1
1500,18,6,5
1501,77,1,5
1502,96,1,2
1503,63,1,3
1504,93,3,3
1505,129,1,3
1506,41,2,5
1507,16,2,2
1508,11,1,1
1509,17,5,2
1510,7,4,3
1511,30,6,4
1512,85,3,4
1513,100,3,1
1514,69,2,1
1515,13,3,5
1516,20,1,1
1517,20,4,5
1518,20,2,1
1519,112,6,5
1520,74,2,5
1521,129,5,1
1522,57,5,4
1523,92,4,1
1524,26,2,5
1525,15,1,1
1526,34,4,2
1527,88,1,5
1528,10,1,3
1529,122,5,2
1530,119,5,2
1531,103,1,1
1532,90,5,4
1533,2,5,4
1534,91,4,3
1535,65,6,5
1536,75,5,5
1537,69,5,5
1538,87,2,2
1539,26,1,4
1540,9,3,4
1541,100,1,5
1542,127,6,5
1543,109,4,5
1544,106,1,5
1545,24,1,5
1546,46,1,1
1547,30,6,4
1548,97,3,3
1549,12,3,5
1550,86,2,4
1551,54,1,3
1552,76,3,2
1553,64,1,5
1554,18,5,5
1555,14,5,5
1556,93,6,2
1557,15,2,5
1558,48,3,5
1559,43,1,3
1560,69,5,3
1561,64,6,5
1562,84,3,1
1563,114,3,4
1564,97,2,1
1565,15,4,2
1566,3,4,4
1567,21,2,4
1568,28,4,3
1569,3,6,5
1570,102,3,3
1571,88,3,2
1572,87,5,5
1573,14,6,1
1574,25,2,3
1575,127,4,5
1576,68,2,4
1577,80,5,2
1578,78,2,4
1579,110,1,1
1580,50,1,2
1581,59,5,2
1582,17,5,3
1583,69,2,2
1584,117,2,4
1585,108,2,2
1586,89,3,3
1587,56,1,2
1588,30,4,2
1589,127,3,2
1590,34,4,5
1591,92,3,4
1592,10,1,2
1593,52,2,3
1594,94,4,3
1595,80,6,1
1596,91,6,3
1597,76,5,3
1598,31,4,5
1599,33,6,5
1600,129,3,4
1601,6,2,2
1602,70,4,5
1603,19,1,2
1604,107,2,1
1605,65,4,4
1606,90,6,2
1607,121,2,4
1608,97,1,4
1609,66,4,4
1610,13,3,3
1611,119,4,2
1612,49,4,5
1613,25,2,2
1614,104,2,1
1615,19,6,1
1616,72,6,4
1617,73,6,4
1618,124,1,3
1619,77,3,2
1620,84,1,2
1621,92,6,5
1622,129,1,1
1623,67,1,4
1624,33,4,3
1625,44,2,1
1626,4,3,1
1627,94,3,4
1628,94,6,3
1629,25,3,5
1630,109,2,1
1631,67,6,4
1632,36,2,5
1633,76,6,5
1634,83,1,2
1635,122,2,3
1636,89,5,4
1637,123,2,3
1638,72,2,3
1639,29,5,3
1640,100,5,4
1641,39,1,4
1642,47,4,5
1643,9,2,4
1644,59,3,5
1645,71,4,3
1646,43,3,2
1647,112,3,1
1648,36,3,5
1649,18,2,4
1650,35,1,5
1651,114,5,2
1652,113,4,4
1653,32,5,2
1654,52,4,2
1655,43,3,2
1656,85,2,5
1657,127,2,5
1658,82,6,4
1659,28,2,3
1660,127,5,2
1661,96,2,5
1662,40,6,3
1663,33,3,1
1664,94,3,2
1665,58,5,2
1666,2,3,3
1667,11,6,2
1668,49,1,3
1669,75,3,3
1670,31,4,3
1671,32,6,3
1672,79,4,4
1673,7,1,2
1674,22,6,3
1675,17,3,5
1676,41,2,4
1677,88,3,4
1678,20,3,2
1679,90,3,3
1680,48,1,1
1681,15,2,1
1682,98,2,4
1683,90,5,2
1684,112,5,3
1685,120,1,5
1686,41,2,3
1687,1,2,5
1688,74,2,1
1689,67,1,1
1690,60,6,4
1691,48,2,1
1692,45,5,3
1693,26,3,5
1694,17,5,3
1695,118,5,2
1696,114,4,2
1697,77,6,2
1698,21,1,2
1699,66,4,3
1700,41,5,5
1701,118,6,1
1702,73,5,3
1703,30,6,3
1704,19,4,1
1705,19,4,2
1706,38,2,4
1707,52,3,4
1708,7,5,2
1709,73,5,1
1710,116,1,3
1711,17,1,4
1712,93,3,4
1713,14,4,4
1714,97,5,3
1715,60,4,4
1716,59,1,3
1717,82,4,3
1718,116,6,4
1719,118,4,5
1720,10,4,3
1721,11,2,1
1722,24,2,1
1723,73,3,3
1724,113,5,5
1725,103,2,2
1726,94,1,2
1727,23,5,4
1728,37,5,1
1729,53,3,3
1730,43,5,3
1731,100,3,3
1732,114,4,3
1733,121,4,4
1734,90,6,3
1735,95,3,2
1736,69,5,2
1737,94,3,4
1738,4,3,2
1739,99,6,5
1740,14,5,1
1741,37,3,3
1742,80,1,2
1743,50,3,1
1744,92,4,1
1745,84,5,4
1746,62,6,1
1747,111,5,4
1748,16,4,2
1749,117,1,3
1750,58,5,5
1751,66,2,1
1752,54,4,3
1753,80,5,5
1754,40,5,3
1755,30,1,3
1756,90,6,3
1757,2,3,3
1758,104,1,4
1759,73,3,5
1760,51,3,3
1761,38,4,4
1762,106,6,4
1763,74,6,2
1764,62,5,4
1765,116,2,4
1766,27,1,3
1767,112,3,5
1768,50,2,2
1769,60,6,1
1770,60,3,4
1771,67,3,2
1772,101,3,2
1773,35,6,2
1774,53,6,1
1775,95,2,5
1776,19,2,3
1777,117,6,2
1778,9,2,1
1779,58,3,2
1780,4,5,4
1781,125,2,4
1782,49,3,5
1783,66,2,3
1784,1,6,1
1785,111,1,3
1786,16,1,3
1787,26,1,1
1788,12,4,5
1789,116,4,5
1790,117,1,4
1791,97,5,5
1792,35,1,4
1793,17,2,4
1794,99,3,3
1795,29,1,5
1796,92,3,5
1797,53,2,5
1798,77,2,5
1799,9,5,2
1800,103,5,4
1801,51,3,5
1802,83,2,2
1803,24,6,4
1804,113,5,2
1805,69,6,2
1806,3,2,5
1807,125,6,3
1808,106,6,3
1809,94,4,5
1810,75,1,5
1811,62,4,3
1812,69,1,2
1813,4,2,4
1814,99,2,3
1815,8,3,5
1816,35,6,1
1817,120,4,1
1818,83,4,1
1819,21,2,5
1820,21,5,1
1821,27,5,5
1822,30,3,3
1823,106,2,1
1824,104,4,1
1825,109,6,5
1826,83,2,5
1827,44,2,5
1828,39,4,4
1829,69,1,2
1830,105,4,5
1831,94,5,4
1832,113,5,3
1833,97,3,3
1834,126,1,1
1835,66,1,2
1836,25,3,1
1837,7,4,4
1838,58,2,2
1839,23,2,2
1840,29,5,4
1841,95,2,4
1842,92,3,5
1843,17,6,4
1844,76,1,4
1845,101,6,3
1846,2,6,5
1847,75,6,5
1848,89,3,2
1849,121,1,1
1850,110,5,3
1851,112,4,1
1852,108,1,2
1853,80,5,5
1854,1,5,4
1855,16,6,2
1856,110,2,1
1857,33,4,3
1858,116,3,2
1859,67,6,5
1860,41,5,1
1861,117,6,4
1862,21,2,4
1863,36,4,4
1864,123,3,4
1865,108,6,5
1866,58,2,3
1867,109,4,1
1868,64,5,5
1869,80,4,3
1870,54,5,1
1871,61,3,4
1872,99,6,1
1873,28,5,2
1874,9,1,4
1875,35,6,5
1876,110,5,1
1877,62,4,4
1878,84,2,1
1879,10,3,3
1880,49,6,3
1881,13,1,2
1882,105,2,4
1883,8,4,5
1884,9,3,3
1885,128,4,4
1886,81,5,4
1887,1,3,3
1888,82,5,3
1889,118,6,3
1890,7,4,2
1891,34,2,3
1892,88,2,5
1893,48,1,4
1894,6,5,2
1895,17,4,5
1896,107,3,4
1897,1,4,2
1898,44,3,1
1899,100,6,2
1900,19,3,5
1901,2,4,1
1902,47,3,2
1903,78,6,3
1904,88,1,3
1905,102,1,1
1906,125,2,5
1907,125,4,2
1908,48,6,4
1909,12,3,5
1910,81,1,2
1911,11,6,1
1912,39,1,4
1913,60,1,1
1914,81,6,4
1915,59,6,2
1916,32,3,4
1917,80,3,4
1918,42,6,1
1919,100,4,1
1920,50,3,4
1921,14,1,2
1922,98,2,1
1923,27,3,4
1924,41,6,4
1925,80,3,5
1926,104,2,3
1927,86,2,3
1928,100,2,2
1929,8,2,3
1930,84,3,5
1931,63,1,2
1932,92,4,1
1933,11,4,5
1934,47,6,4
1935,35,2,5
1936,37,3,5
1937,44,4,4
1938,88,4,4
1939,118,2,5
1940,26,5,1
1941,80,5,4
1942,4,4,5
1943,87,6,5
1944,41,4,3
1945,119,5,4
1946,32,6,2
1947,18,6,1
1948,36,2,2
1949,10,5,3
1950,114,6,3
1951,65,5,4
1952,21,6,3
1953,96,6,3
1954,59,4,4
1955,36,2,3
1956,31,1,4
1957,118,2,5
1958,18,4,1
1959,98,1,2
1960,84,3,1
1961,94,2,4
1962,77,6,3
1963,11,2,5
1964,11,2,4
1965,84,3,3
1966,94,3,5
1967,30,5,5
1968,117,2,5
1969,53,4,1
1970,5,6,1
1971,83,6,2
1972,70,3,3
1973,26,2,2
1974,105,3,5
1975,86,6,4
1976,30,3,5
1977,29,4,3
1978,35,2,3
1979,45,2,1
1980,93,2,1
1981,47,2,5
1982,54,2,3
1983,66,6,3
1984,84,2,1
1985,85,1,2
1986,97,1,4
1987,9,1,2
1988,108,3,3
1989,58,6,1
1990,124,4,3
1991,127,1,3
1992,28,4,1
1993,125,3,1
1994,65,4,3
1995,19,2,1
1996,111,1,2
1997,126,6,2
1998,103,6,5
1999,75,1,1
2000,60,1,2
2001,44,5,1
2002,28,5,4
2003,125,3,2
2004,83,2,5
2005,120,6,5
2006,51,3,1
2007,52,5,5
2008,29,1,5
2009,98,4,3
2010,18,4,4
2011,46,3,5
2012,45,6,4
2013,81,6,3
2014,38,2,1
2015,92,4,3
2016,121,6,1
2017,71,3,2
2018,31,3,1
2019,46,3,5
2020,16,6,3
2021,1,5,2
2022,91,4,2
2023,86,2,1
2024,129,6,4
2025,74,6,1
2026,33,3,1
2027,42,1,3
2028,79,1,3
2029,124,5,4
2030,67,1,4
2031,26,3,4
2032,36,6,3
2033,3,6,2
2034,7,4,3
2035,29,1,1
2036,60,2,4
2037,105,5,4
2038,82,3,5
2039,3,5,1
2040,28,1,2
2041,26,2,1
2042,72,4,3
2043,111,3,2
2044,51,3,1
2045,21,3,2
2046,11,3,3
2047,45,3,2
2048,88,6,2
2049,96,2,2
2050,29,4,1
2051,70,3,4
2052,83,3,1
2053,122,4,3
2054,21,5,5
2055,40,1,3
2056,82,6,4
2057,28,2,3
2058,21,5,4
2059,113,2,2
2060,58,5,5
2061,9,5,4
2062,75,2,3
2063,98,4,1
2064,106,5,3
2065,45,4,4
2066,36,3,5
2067,117,3,5
2068,94,5,1
2069,47,4,5
2070,104,3,3
2071,119,5,5
2072,6,4,4
2073,74,3,5
2074,57,4,4
2075,100,3,2
2076,78,3,2
2077,84,1,3
2078,54,3,5
2079,79,4,3
2080,19,1,3
2081,50,1,2
2082,46,5,2
2083,113,5,5
2084,35,4,1
2085,123,4,2
2086,81,4,5
2087,16,5,4
2088,110,6,5
2089,76,2,5
2090,67,6,3
2091,41,1,3
2092,111,5,2
2093,107,6,3
2094,113,4,1
2095,94,3,4
2096,11,2,2
2097,60,1,5
2098,111,3,5
2099,124,1,4
2100,127,2,1
2101,116,5,2
2102,6,3,3
2103,42,4,2
2104,84,3,2
2105,96,5,4
2106,76,1,1
2107,74,6,2
2108,38,6,2
2109,81,3,4
2110,42,2,3
2111,24,3,5
2112,87,1,5
2113,39,3,4
2114,127,3,5
2115,25,6,1
2116,69,5,4
2117,120,1,5
2118,108,2,3
2119,23,3,5
2120,41,2,1
2121,10,5,4
2122,13,3,3
2123,91,3,1
2124,12,4,1
2125,103,1,5
2126,85,4,3
2127,127,2,3
2128,40,4,3
2129,20,5,3
2130,56,6,1
2131,41,2,5
2132,95,1,5
2133,116,5,4
2134,6,1,1
2135,15,4,3
2136,111,4,3
2137,7,2,5
2138,123,6,5
2139,11,3,4
2140,3,1,3
2141,82,3,3
2142,27,4,4
2143,20,6,4
2144,86,5,5
2145,60,5,2
2146,15,3,4
2147,101,4,1
2148,51,1,5
2149,112,2,4
2150,46,2,2
2151,85,3,2
2152,31,5,4
2153,117,6,5
2154,19,2,4
2155,96,3,4
2156,31,6,1
2157,122,3,1
2158,103,6,2
2159,21,3,5
2160,91,1,3
2161,38,3,1
2162,64,4,5
2163,75,1,3
2164,125,2,2
2165,5,6,4
2166,111,1,4
2167,76,5,4
2168,50,3,1
2169,11,4,3
2170,41,2,2
2171,38,5,2
2172,107,4,5
2173,63,1,3
2174,112,3,4
2175,54,2,1
2176,81,5,5
2177,128,4,3
2178,110,6,5
2179,99,3,1
2180,27,6,1
2181,76,2,2
2182,93,4,5
2183,46,1,1
2184,77,2,1
2185,121,5,5
2186,21,5,2
2187,36,1,5
2188,91,3,3
2189,46,5,4
2190,49,2,1
2191,106,2,2
2192,8,4,5
2193,98,6,1
2194,46,1,3
2195,8,2,3
2196,45,2,1
2197,89,5,5
2198,46,2,2
2199,45,1,3
2200,115,6,3
2201,74,6,5
2202,109,4,2
2203,81,1,1
2204,36,1,1
2205,126,1,1
2206,33,2,4
2207,61,4,4
2208,117,2,1
2209,94,2,4
2210,11,6,1
2211,48,3,5
2212,26,6,4
2213,72,2,4
2214,51,5,1
2215,127,1,2
2216,126,6,1
2217,61,1,2
2218,70,4,1
2219,37,3,4
2220,14,3,2
2221,53,5,5
2222,98,4,3
2223,110,5,5
2224,7,3,5
2225,1,2,4
2226,100,4,2
2227,39,1,1
2228,96,1,4
2229,73,6,2
2230,8,5,5
2231,118,1,1
2232,29,2,3
2233,92,4,1
2234,70,4,3
2235,59,4,2
2236,82,1,3
2237,3,6,4
2238,57,6,3
2239,46,6,3
2240,101,2,2
2241,60,1,5
2242,39,1,1
2243,110,6,5
2244,49,5,2
2245,17,2,5
2246,86,2,5
2247,114,2,4
2248,100,4,3
2249,107,3,5
2250,16,3,3
2251,46,3,5
2252,21,6,2
2253,61,6,3
2254,34,1,3
2255,10,3,3
2256,62,4,3
2257,72,2,3
2258,76,6,5
2259,60,5,5
2260,24,3,2
2261,98,2,4
2262,119,2,2
2263,75,4,3
2264,71,3,3
2265,35,5,2
2266,119,2,5
2267,12,4,1
2268,77,1,4
2269,6,1,4
2270,117,4,5
2271,94,3,4
2272,107,6,4
2273,3,4,4
2274,4,4,2
2275,112,4,2
2276,88,3,5
2277,71,3,2
2278,128,3,3
2279,75,2,4
2280,113,4,4
2281,129,2,5
2282,88,4,2
2283,43,6,1
2284,106,2,3
2285,26,4,4
2286,13,2,1
2287,23,1,4
2288,98,4,2
2289,79,5,2
2290,36,1,4
2291,113,3,1
2292,31,5,5
2293,52,3,5
2294,38,4,2
2295,119,5,1
2296,17,5,3
2297,6,3,5
2298,98,3,3
2299,39,3,3
2300,26,6,5
2301,70,2,2
2302,83,5,5
2303,113,2,3
2304,48,6,2
2305,81,6,5
2306,92,2,5
2307,86,2,5
2308,45,4,2
2309,52,2,3
2310,91,2,3
2311,54,6,5
2312,110,1,1
2313,38,2,1
2314,56,3,4
2315,128,4,2
2316,91,6,4
2317,89,1,4
2318,85,3,3
2319,42,1,2
2320,28,1,1
2321,95,1,3
2322,108,5,4
2323,29,4,1
2324,40,5,4
2325,88,4,5
2326,22,6,2
2327,70,4,1
2328,77,4,5
2329,89,4,2
2330,124,1,1
2331,4,4,1
2332,73,1,2
2333,106,5,2
2334,129,2,1
2335,39,3,1
2336,46,1,3
2337,128,5,5
2338,123,3,1
2339,99,2,2
2340,98,3,5
2341,15,5,4
2342,85,6,2
2343,47,3,2
2344,60,6,4
2345,38,3,4
2346,107,4,3
2347,34,1,5
2348,23,6,3
2349,39,6,3
2350,53,4,2
2351,77,4,2
2352,40,2,5
2353,67,1,5
2354,117,1,2
2355,121,5,2
2356,115,3,3
2357,31,3,5
2358,37,1,4
2359,26,4,4
2360,23,3,5
2361,120,2,2
2362,12,3,4
2363,57,3,5
2364,66,3,3
2365,24,3,3
2366,94,1,4
2367,7,3,5
2368,45,4,4
2369,59,5,1
2370,14,4,4
2371,120,3,5
2372,32,4,2
2373,70,6,3
2374,22,3,2
2375,34,1,5
2376,35,3,4
2377,70,6,1
2378,1,3,5
2379,82,6,5
2380,22,6,5
2381,92,5,4
2382,115,5,4
2383,71,5,2
2384,40,6,4
2385,52,1,2
2386,79,5,1
2387,112,2,1
2388,16,4,1
2389,102,3,4
2390,105,3,2
2391,81,4,5
2392,41,6,2
2393,83,5,3
2394,95,6,2
2395,10,2,2
2396,21,6,5
2397,28,2,1
2398,45,6,2
2399,45,5,5
2400,126,2,4
2401,73,2,2
2402,128,2,5
2403,42,1,2
2404,116,6,3
2405,33,3,3
2406,118,5,4
2407,79,6,2
2408,97,2,5
2409,123,2,1
2410,85,3,1
2411,100,1,3
2412,38,6,1
2413,60,3,4
2414,37,2,2
2415,100,6,4
2416,31,1,1
2417,117,5,2
2418,49,4,2
2419,68,2,4
2420,84,1,4
2421,26,2,3
2422,86,4,2
2423,3,6,1
2424,94,6,2
2425,58,3,2
2426,47,5,5
2427,108,2,1
2428,109,6,5
2429,48,4,3
2430,12,4,1
2431,117,3,1
2432,59,6,5
2433,4,1,1
2434,125,5,4
2435,60,4,2
2436,44,6,1
2437,119,1,2
2438,18,4,2
2439,49,2,3
2440,10,5,4
2441,106,5,5
2442,26,1,4
2443,67,4,2
2444,99,1,1
2445,65,5,4
2446,124,5,1
2447,129,1,1
2448,9,4,4
2449,80,2,2
2450,48,4,1
2451,73,2,5
2452,14,3,5
2453,75,1,2
2454,62,3,5
2455,17,1,3
2456,25,5,5
2457,104,1,3
2458,120,5,5
2459,12,6,2
2460,66,6,3
2461,19,6,5
2462,10,4,2
2463,57,1,2
2464,17,1,1
2465,69,3,1
2466,58,1,1
2467,20,3,1
2468,8,3,2
2469,90,1,2
2470,128,5,1
2471,61,5,1
2472,43,6,1
2473,97,1,5
2474,37,3,1
2475,70,4,4
2476,4,6,4
2477,13,6,5
2478,8,1,1
2479,77,3,1
2480,51,3,4
2481,13,5,5
2482,88,4,1
2483,55,4,5
2484,12,4,5
2485,22,1,2
2486,42,3,3
2487,15,2,5
2488,93,1,1
2489,105,5,1
2490,6,6,5
2491,40,5,4
2492,46,6,3
2493,95,3,5
2494,61,5,1
2495,57,6,1
2496,27,4,1
2497,90,6,3
2498,51,1,1
2499,97,5,5
2500,108,1,4
2501,117,4,5
2502,76,6,1
2503,10,3,1
2504,32,2,3
2505,107,6,2
2506,17,1,1
2507,119,2,1
2508,98,1,5
2509,122,5,5
2510,59,3,4
2511,110,6,1
2512,31,5,4
2513,2,3,3
2514,76,6,3
2515,14,4,3
2516,57,3,3
2517,104,4,2
2518,114,4,4
2519,64,3,1
2520,129,6,5
2521,116,3,4
2522,128,1,4
2523,24,2,5
2524,37,6,1
2525,43,5,1
2526,36,2,5
2527,117,3,3
2528,17,5,1
2529,109,1,4
2530,113,2,2
2531,7,4,1
2532,117,2,2
2533,46,3,2
2534,123,3,1
2535,49,5,2
2536,27,1,5
2537,102,1,5
2538,120,2,1
2539,81,6,2
2540,72,2,4
2541,84,4,4
2542,18,3,2
2543,38,4,1
2544,47,2,2
2545,108,6,2
2546,49,1,3
2547,106,1,2
2548,42,1,2
2549,106,1,1
2550,37,5,4
2551,103,1,1
2552,51,4,2
2553,47,4,5
2554,85,6,4
2555,30,3,5
2556,113,5,1
2557,79,6,1
2558,12,6,4
2559,96,4,3
2560,53,3,5
2561,14,6,5
2562,85,1,2
2563,81,6,4
2564,1,2,4
2565,5,4,3
2566,80,6,1
2567,19,3,4
2568,80,5,3
2569,24,2,4
2570,78,1,5
2571,43,5,4
2572,12,2,1
2573,101,2,3
2574,117,1,2
2575,13,5,5
2576,43,1,3
2577,97,1,4
2578,87,2,2
2579,61,1,2
2580,25,3,3
2581,123,1,2
2582,63,1,3
2583,17,6,3
2584,126,2,5
2585,4,5,2
2586,4,5,4
2587,89,5,5
2588,116,3,5
2589,97,1,4
2590,111,6,2
2591,70,4,5
2592,4,1,5
2593,94,6,3
2594,48,5,5
2595,94,1,5
2596,44,3,2
2597,108,6,5
2598,37,1,3
2599,34,5,3
2600,92,5,4
2601,111,4,4
2602,65,3,4
2603,127,6,2
2604,94,4,1
2605,96,2,4
2606,52,3,5
2607,114,2,5
2608,95,2,3
2609,94,5,1
2610,71,4,3
2611,50,4,5
2612,51,5,2
2613,6,4,1
2614,29,1,4
2615,80,4,1
2616,101,4,1
2617,82,4,1
2618,78,6,2
2619,76,3,3
2620,52,4,1
2621,22,4,5
2622,129,1,4
2623,124,6,2
2624,87,1,5
2625,87,3,2
2626,84,3,4
2627,50,1,4
2628,129,4,2
2629,22,4,1
2630,46,5,2
2631,49,6,4
2632,21,5,5
2633,96,4,1
2634,95,5,5
2635,22,4,3
2636,64,4,2
2637,62,4,1
2638,75,6,4
2639,85,2,5
2640,63,2,5
2641,122,6,3
2642,12,4,1
2643,68,4,1
2644,108,6,3
2645,87,4,1
2646,51,3,2
2647,125,3,5
2648,34,3,1
2649,108,5,5
2650,61,1,2
2651,23,1,2
2652,121,3,4
2653,30,2,4
2654,120,6,2
2655,78,3,3
2656,18,1,1
2657,27,4,3
2658,19,1,4
2659,29,1,5
2660,38,3,4
2661,119,1,4
2662,114,5,4
2663,44,3,5
2664,88,1,4
2665,7,2,1
2666,115,4,4
2667,60,2,4
2668,107,4,1
2669,23,2,1
2670,45,5,3
2671,101,3,4
2672,65,5,1
2673,48,4,4
2674,23,1,4
2675,127,5,2
2676,53,6,2
2677,12,1,5
2678,50,5,5
2679,97,4,1
2680,79,6,3
2681,20,2,5
2682,32,2,4
2683,70,2,4
2684,20,3,3
2685,93,6,5
2686,107,3,2
2687,21,6,4
2688,46,4,5
2689,73,4,2
2690,114,2,2
2691,19,5,3
2692,61,5,3
2693,43,6,3
2694,127,5,5
2695,60,5,1
2696,92,4,5
2697,11,6,1
2698,70,3,5
2699,116,1,2
2700,70,5,1
2701,111,1,3
2702,96,6,4
2703,23,6,4
2704,97,2,1
2705,69,4,1
2706,106,2,4
2707,119,3,5
2708,102,1,1
2709,106,4,3
2710,68,3,2
2711,17,4,5
2712,2,5,3
2713,105,1,1
2714,54,3,4
2715,92,2,5
2716,41,4,4
2717,83,5,1
2718,97,3,3
2719,85,5,4
2720,112,1,4
2721,50,4,1
2722,66,3,1
2723,60,5,3
2724,12,6,2
2725,45,4,1
2726,103,4,2
2727,75,3,4
2728,85,6,5
2729,119,4,5
2730,128,6,4
2731,73,2,2
2732,56,1,4
2733,121,3,5
2734,66,2,2
2735,53,5,4
2736,60,1,1
2737,62,6,4
2738,98,3,5
2739,45,3,3
2740,59,1,3
2741,118,3,2
2742,69,1,3
2743,51,4,3
2744,71,2,1
2745,4,1,3
2746,36,5,2
2747,55,6,3
2748,25,2,3
2749,61,2,1
2750,60,6,2
2751,8,5,2
2752,40,5,3
2753,53,3,5
2754,74,5,1
2755,40,3,1
2756,61,4,5
2757,123,3,3
2758,100,5,3
2759,92,1,3
2760,73,3,2
2761,114,4,1
2762,19,4,4
2763,1,4,5
2764,22,1,3
2765,85,3,5
2766,4,6,5
2767,23,2,5
2768,82,1,5
2769,18,5,4
2770,8,1,5
2771,87,3,3
2772,89,4,2
2773,3,4,5
2774,93,1,5
2775,100,1,4
2776,104,5,1
2777,4,1,2
2778,2,3,5
2779,51,4,3
2780,128,3,2
2781,103,4,3
2782,107,4,4
2783,67,3,1
2784,125,1,3
2785,58,1,4
2786,101,3,5
2787,77,1,3
2788,3,3,4
2789,41,2,5
2790,38,6,3
2791,47,1,2
2792,110,2,1
2793,4,3,1
2794,34,6,5
2795,33,4,3
2796,63,3,3
2797,32,4,5
2798,98,4,3
2799,22,6,1
2800,55,1,5
2801,3,4,5
2802,98,2,3
2803,114,3,4
2804,55,5,4
2805,45,1,1
2806,124,6,1
2807,71,2,2
2808,101,1,3
2809,42,5,3
2810,75,2,2
2811,117,3,2
2812,116,2,1
2813,3,5,4
2814,47,1,1
2815,53,5,2
2816,79,4,3
2817,118,4,3
2818,46,1,4
2819,45,3,5
2820,108,2,4
2821,21,4,3
2822,89,1,2
2823,3,6,5
2824,49,1,4
2825,95,5,1
2826,80,2,2
2827,102,5,3
2828,12,6,1
2829,34,3,4
2830,88,5,2
2831,105,1,1
2832,10,1,2
2833,43,4,4
2834,73,4,3
2835,42,2,3
2836,79,1,2
2837,8,4,4
2838,72,1,1
2839,48,3,1
2840,93,1,2
2841,94,2,3
2842,10,5,1
2843,101,4,1
2844,126,4,1
2845,111,2,2
2846,120,4,1
2847,112,3,3
2848,82,5,4
2849,101,5,1
2850,61,4,4
2851,52,6,2
2852,34,6,2
2853,123,2,2
2854,65,3,4
2855,74,5,2
2856,109,1,3
2857,59,2,2
2858,2,3,2
2859,114,1,3
2860,107,1,1
2861,29,4,4
2862,86,2,4
2863,3,5,5
2864,9,6,5
2865,120,5,4
2866,53,3,3
2867,76,4,5
2868,101,4,1
2869,9,6,5
2870,115,3,5
2871,81,4,2
2872,48,5,2
2873,93,1,2
2874,49,1,5
2875,18,5,5
2876,80,6,2
2877,17,6,5
2878,75,5,4
2879,13,2,4
2880,91,2,2
2881,15,2,5
2882,76,6,2
2883,42,5,1
2884,64,5,3
2885,122,6,2
2886,20,3,4
2887,87,2,2
2888,57,6,3
2889,92,5,1
2890,7,4,5
2891,126,5,3
2892,116,4,3
2893,117,6,2
2894,11,5,2
2895,16,2,4
2896,95,1,3
2897,28,5,3
2898,71,6,1
2899,68,6,1
2900,112,4,5
2901,13,1,3
2902,83,2,5
2903,112,3,2
2904,25,2,4
2905,5,1,2
2906,81,3,1
2907,129,4,4
2908,57,6,1
2909,102,2,2
2910,42,3,5
2911,25,3,5
2912,87,3,1
2913,83,6,4
2914,38,3,4
2915,4,5,2
2916,46,6,5
2917,21,2,1
2918,43,1,5
2919,3,2,5
2920,107,3,3
2921,70,2,2
2922,54,3,3
2923,56,1,2
2924,92,1,1
2925,77,6,4
2926,122,4,2
2927,110,3,2
2928,88,4,4
2929,77,3,5
2930,64,3,1
2931,127,4,3
2932,99,5,3
2933,87,1,4
2934,86,4,5
2935,91,2,2
2936,5,6,3
2937,70,6,3
2938,117,6,3
2939,22,2,4
2940,29,2,4
2941,120,5,3
2942,116,6,3
2943,79,5,5
2944,33,1,5
2945,28,4,4
2946,72,5,4
2947,44,6,2
2948,94,2,2
2949,39,3,5
2950,117,2,2
2951,97,6,3
2952,125,1,3
2953,90,4,5
2954,92,3,1
2955,111,5,3
2956,112,4,2
2957,112,2,3
2958,57,5,1
2959,127,5,3
2960,4,1,2
2961,22,5,4
2962,30,4,4
2963,27,5,3
2964,123,3,1
2965,74,5,3
2966,3,5,1
2967,87,6,1
2968,120,2,5
2969,63,2,1
2970,4,2,1
2971,25,1,2
2972,12,5,2
2973,48,4,3
2974,109,2,2
2975,105,6,4
2976,84,2,4
2977,2,5,5
2978,16,3,2
2979,53,1,1
2980,102,1,4
2981,17,2,1
2982,80,5,4
2983,123,5,2
2984,117,2,4
2985,60,1,1
2986,125,3,2
2987,117,6,5
2988,113,1,3
2989,59,2,1
2990,7,3,2
2991,127,2,3
2992,75,6,4
2993,1,4,2
2994,5,4,3
2995,39,6,3
2996,19,5,2
2997,31,3,2
2998,54,5,4
2999,14,1,4
3000,66,2,1
3001,42,1,2
3002,96,1,3
3003,103,4,3
3004,99,4,5
3005,129,3,2
3006,40,3,1
3007,61,5,4
3008,13,4,3
3009,38,2,4
3010,117,2,1
3011,9,5,2
3012,88,4,4
3013,21,3,4
3014,27,1,2
3015,24,6,5
3016,121,6,1
3017,8,3,4
3018,126,3,5
3019,108,2,5
3020,66,4,5
3021,117,3,5
3022,121,5,4
3023,26,1,2
3024,95,2,4
3025,38,6,3
3026,90,5,1
3027,7,6,4
3028,76,2,5
3029,9,5,5
3030,78,1,3
3031,42,1,3
3032,120,1,3
3033,126,4,5
3034,35,1,5
3035,102,1,5
3036,105,2,4
3037,6,2,2
3038,22,6,2
3039,35,2,4
3040,124,3,5
3041,10,4,2
3042,4,6,4
3043,41,3,1
3044,94,4,1
3045,1,2,2
3046,102,1,2
3047,13,3,3
3048,67,6,5
3049,118,2,2
3050,65,3,2
3051,69,6,1
3052,81,5,5
3053,68,4,4
3054,58,2,4
3055,103,1,3
3056,120,2,3
3057,99,5,1
3058,21,1,5
3059,113,6,2
3060,107,2,5
3061,74,2,1
3062,82,4,5
3063,34,4,2
3064,47,5,3
3065,46,2,5
3066,115,6,5
3067,120,3,3
3068,51,4,2
3069,121,2,3
3070,13,2,2
3071,103,5,2
3072,29,1,2
3073,84,6,4
3074,100,2,3
3075,50,2,3
3076,98,1,1
3077,30,2,5
3078,90,4,5
3079,33,4,1
3080,2,3,5
3081,7,4,2
3082,78,6,2
3083,93,1,1
3084,127,1,2
3085,90,2,5
3086,4,4,1
3087,28,6,3
3088,114,4,1
3089,3,5,5
3090,61,6,2
3091,118,1,5
3092,79,1,5
3093,8,5,3
3094,75,5,4
3095,111,6,2
3096,28,1,4
3097,98,5,1
3098,96,6,5
3099,106,5,1
3100,24,5,2
3101,44,4,5
3102,51,3,5
3103,18,5,4
3104,80,4,5
3105,116,3,3
3106,117,5,2
3107,48,3,4
3108,128,2,4
3109,35,5,1
3110,70,6,2
3111,108,6,3
3112,52,1,1
3113,128,4,5
3114,106,4,5
3115,108,3,5
3116,5,5,5
3117,26,5,4
3118,102,6,2
3119,73,3,2
3120,2,2,1
3121,128,5,3
3122,73,3,5
3123,48,2,2
3124,71,2,2
3125,102,4,1
3126,107,4,3
3127,62,2,4
3128,21,3,4
3129,78,1,5
3130,85,5,1
3131,94,5,3
3132,28,4,4
3133,127,2,2
3134,33,2,3
3135,109,1,5
3136,51,1,3
3137,35,2,1
3138,65,6,3
3139,94,3,5
3140,67,4,1
3141,40,4,5
3142,114,1,4
3143,83,4,5
3144,86,6,5
3145,96,3,3
3146,111,4,2
3147,89,5,2
3148,120,1,4
3149,49,2,5
3150,58,1,2
3151,93,3,3
3152,20,1,1
3153,11,3,3
3154,3,6,4
3155,52,2,4
3156,9,2,5
3157,81,6,3
3158,21,6,1
3159,60,6,4
3160,69,6,4
3161,33,4,2
3162,22,4,4
3163,72,5,4
3164,76,3,5
3165,15,2,4
3166,2,3,4
3167,56,1,1
3168,34,1,4
3169,102,5,3
3170,26,4,5
3171,102,2,2
3172,57,6,2
3173,60,5,5
3174,69,4,1
3175,33,5,3
3176,64,1,2
3177,3,2,5
3178,114,4,2
3179,96,4,1
3180,46,5,4
3181,25,5,5
3182,24,1,4
3183,94,3,2
3184,7,3,4
3185,74,2,2
3186,106,1,1
3187,63,2,3
3188,105,2,4
3189,78,3,3
3190,57,3,2
3191,31,1,4
3192,18,2,1
3193,20,6,1
3194,35,4,5
3195,107,6,4
3196,57,5,4
3197,80,1,1
3198,35,1,5
3199,127,6,3
3200,28,4,3
3201,113,6,4
3202,58,4,2
3203,112,4,3
3204,74,4,5
3205,75,4,4
3206,53,4,1
3207,106,3,1
3208,40,2,3
3209,120,1,4
3210,6,5,2
3211,108,5,1
3212,9,1,2
3213,92,1,1
3214,61,1,5
3215,71,4,2
3216,76,2,3
3217,25,2,3
3218,43,6,4
3219,20,1,1
3220,4,5,4
3221,24,2,4
3222,34,6,2
3223,4,6,2
3224,98,3,5
3225,4,1,5
3226,15,3,2
3227,10,2,1
3228,57,1,1
3229,9,1,2
3230,99,6,4
3231,76,5,4
3232,62,1,5
3233,94,5,1
3234,90,5,3
3235,125,2,2
3236,40,2,4
3237,39,3,4
3238,107,5,2
3239,33,6,1
3240,113,1,2
3241,81,6,5
3242,116,3,2
3243,49,1,4
3244,121,5,4
3245,80,1,1
3246,72,5,4
3247,51,2,4
3248,101,2,1
3249,57,6,4
3250,55,1,3
3251,35,6,4
3252,33,3,1
3253,88,6,4
3254,9,2,5
3255,82,2,5
3256,77,5,5
3257,79,1,4
3258,93,3,5
3259,65,4,5
3260,76,2,5
3261,90,5,2
3262,50,1,5
3263,21,6,4
3264,12,4,1
3265,54,2,1
3266,84,4,1
3267,25,3,1
3268,40,3,2
3269,108,3,3
3270,87,4,2
3271,82,2,3
3272,32,2,1
3273,110,1,4
3274,125,3,5
3275,40,4,5
3276,19,3,4
3277,57,6,5
3278,57,5,4
3279,113,6,4
3280,17,6,1
3281,65,6,1
3282,55,3,1
3283,16,4,4
3284,98,1,4
3285,77,6,3
3286,24,5,2
3287,44,1,2
3288,119,4,4
3289,64,3,5
3290,56,6,2
3291,35,2,2
3292,41,2,5
3293,44,5,3
3294,126,6,3
3295,118,4,5
3296,74,4,1
3297,7,6,3
3298,115,3,1
3299,1,5,2
3300,106,1,5
3301,73,1,5
3302,46,5,1
3303,23,4,3
3304,65,1,3
3305,18,2,2
3306,73,4,5
3307,44,4,5
3308,59,3,2
3309,87,6,5
3310,31,5,1
3311,61,5,2
3312,28,1,1
3313,10,3,1
3314,46,2,1
3315,9,1,4
3316,84,4,4
3317,77,2,2
3318,34,5,4
3319,113,6,5
3320,106,3,3
3321,67,3,4
3322,92,2,4
3323,58,5,2
3324,70,4,4
3325,121,6,5
3326,8,3,2
3327,44,2,4
3328,42,5,2
3329,121,6,4
3330,60,6,5
3331,56,2,5
3332,14,3,3
3333,114,6,5
3334,45,1,2
3335,23,3,5
3336,119,6,4
3337,106,3,5
3338,67,5,4
3339,77,6,4
3340,86,1,4
3341,93,3,4
3342,70,2,5
3343,105,2,5
3344,27,6,3
3345,65,6,4
3346,3,3,3
3347,54,5,2
3348,32,5,4
3349,103,2,5
3350,114,4,5
3351,103,5,1
3352,24,2,5
3353,99,6,5
3354,98,5,5
3355,28,2,5
3356,16,1,3
3357,78,6,5
3358,100,6,3
3359,18,6,5
3360,90,4,3
3361,86,1,4
3362,68,3,2
3363,52,2,1
3364,64,5,2
3365,85,5,5
3366,47,5,5
3367,62,6,4
3368,46,4,2
3369,112,6,1
3370,126,6,3
3371,95,3,3
3372,96,5,1
3373,124,1,4
3374,9,2,1
3375,84,2,1
3376,39,4,3
3377,64,1,1
3378,106,6,2
3379,94,5,4
3380,111,3,3
3381,43,5,1
3382,11,2,3
3383,113,3,4
3384,5,2,1
3385,94,6,1
3386,88,2,5
3387,96,1,5
3388,49,6,3
3389,22,5,2
3390,129,6,5
3391,129,4,3
3392,26,5,2
3393,43,6,5
3394,25,6,2
3395,8,5,4
3396,74,3,3
3397,117,5,5
3398,32,3,5
3399,123,1,3
3400,40,3,1
3401,95,2,1
3402,68,6,5
3403,37,5,3
3404,48,5,4
3405,122,3,3
3406,117,1,1
3407,98,3,2
3408,29,3,5
3409,94,6,4
3410,46,6,4
3411,56,4,4
3412,62,1,4
3413,67,6,2
3414,58,6,5
3415,60,2,5
3416,13,5,2
3417,105,4,4
3418,18,2,3
3419,122,2,2
3420,41,1,1
3421,50,6,4
3422,117,3,5
3423,69,1,2
3424,91,1,1
3425,76,2,2
3426,1,2,1
3427,108,5,4
3428,14,5,3
3429,83,1,5
3430,11,5,2
3431,61,5,5
3432,90,1,1
3433,37,3,1
3434,16,4,5
3435,117,5,4
3436,51,5,3
3437,22,3,3
3438,34,6,2
3439,9,3,1
3440,127,3,3
3441,66,2,1
3442,127,1,5
3443,107,4,2
3444,88,6,4
3445,40,4,1
3446,24,5,5
3447,77,4,3
3448,2,6,5
3449,14,5,3
3450,111,2,2
3451,2,1,4
3452,75,4,4
3453,85,6,3
3454,106,2,5
3455,75,5,1
3456,91,1,5
3457,101,4,1
3458,98,2,4
3459,24,4,1
3460,9,1,5
3461,56,2,3
3462,62,2,5
3463,90,6,2
3464,42,3,1
3465,118,5,3
3466,71,4,3
3467,110,6,1
3468,102,5,5
3469,86,5,1
3470,81,5,5
3471,77,3,2
3472,126,5,3
3473,19,5,2
3474,61,6,2
3475,59,1,3
3476,100,3,1
3477,102,3,5
3478,77,3,1
3479,35,4,1
3480,61,6,4
3481,106,4,2
3482,40,5,1
3483,121,6,3
3484,21,4,5
3485,29,3,5
3486,88,2,1
3487,64,3,2
3488,100,5,3
3489,58,4,3
3490,10,2,2
3491,71,4,1
3492,121,3,2
3493,19,1,2
3494,108,4,3
3495,41,4,4
3496,54,5,3
3497,54,3,4
3498,80,4,1
3499,27,6,1
3500,24,5,4
3501,128,4,2
3502,124,1,1
3503,23,6,2
3504,66,6,2
3505,1,3,3
3506,70,1,3
3507,18,6,5
3508,27,1,3
3509,99,5,3
3510,125,1,2
3511,88,6,1
3512,10,6,4
3513,45,2,2
3514,27,3,3
3515,120,5,5
3516,67,2,4
3517,125,2,3
3518,89,2,3
3519,16,1,2
3520,119,2,1
3521,77,6,3
3522,128,4,1
3523,110,3,1
3524,114,1,2
3525,53,2,2
3526,8,6,5
3527,115,4,4
3528,106,6,3
3529,8,2,1
3530,54,5,1
3531,126,2,3
3532,98,1,4
3533,55,2,3
3534,28,2,3
3535,75,2,2
3536,116,3,5
3537,4,6,1
3538,129,6,5
3539,65,1,3
3540,10,6,4
3541,114,3,3
3542,29,6,2
3543,48,4,3
3544,102,4,3
3545,126,6,4
3546,111,5,2
3547,38,5,2
3548,59,3,1
3549,86,6,3
3550,39,3,2
3551,12,2,3
3552,98,1,2
3553,48,3,2
3554,113,1,1
3555,5,6,3
3556,18,2,5
3557,50,1,3
3558,73,6,1
3559,36,6,2
3560,111,4,2
3561,22,4,4
3562,127,3,4
3563,17,6,5
3564,9,6,2
3565,40,3,5
3566,17,4,5
3567,45,6,2
3568,34,1,1
3569,112,2,2
3570,114,6,4
3571,77,5,1
3572,7,6,5
3573,85,2,2
3574,88,6,1
3575,46,3,3
3576,46,6,2
3577,66,4,3
3578,128,5,3
3579,118,6,4
3580,81,1,3
3581,127,4,2
3582,118,6,5
3583,100,4,5
3584,113,1,5
3585,20,5,1
3586,52,2,2
3587,13,3,2
3588,37,3,4
3589,27,3,4
3590,68,3,5
3591,13,4,4
3592,80,5,1
3593,84,4,4
3594,100,4,4
3595,100,6,2
3596,64,2,1
3597,3,4,3
3598,26,1,4
3599,95,4,5
3600,124,6,4
3601,83,3,2
3602,118,1,5
3603,126,3,4
3604,23,2,2
3605,93,4,5
3606,69,4,1
3607,120,5,2
3608,40,6,2
3609,91,3,4
3610,40,4,2
3611,57,6,1
3612,85,1,1
3613,75,2,3
3614,114,4,2
3615,19,6,4
3616,90,6,4
3617,1,5,4
3618,122,3,1
3619,113,4,2
3620,6,2,3
3621,74,6,3
3622,42,1,4
3623,71,1,1
3624,61,1,2
3625,76,1,4
3626,52,4,4
3627,111,4,3
3628,51,2,2
3629,124,3,5
3630,121,6,5
3631,121,3,2
3632,66,2,3
3633,97,5,2
3634,67,2,5
3635,61,2,3
3636,99,3,4
3637,105,5,3
3638,95,1,1
3639,51,1,1
3640,66,5,2
3641,92,5,3
3642,4,2,3
3643,17,3,4
3644,97,4,3
3645,94,6,5
3646,5,2,3
3647,1,2,3
3648,129,4,3
3649,37,4,4
3650,121,2,3
3651,13,1,5
3652,28,6,5
3653,106,4,3
3654,6,4,4
3655,100,4,4
3656,10,1,2
3657,97,3,2
3658,98,1,4
3659,123,2,2
3660,10,3,1
3661,7,1,1
3662,69,3,3
3663,57,2,5
3664,84,4,5
3665,112,5,2
3666,51,4,4
3667,104,4,1
3668,25,1,1
3669,96,5,5
3670,120,3,4
3671,31,4,4
3672,95,1,2
3673,52,2,5
3674,100,5,5
3675,25,1,1
3676,22,5,4
3677,2,6,2
3678,112,3,3
3679,54,3,1
3680,49,3,2
3681,78,5,3
3682,99,5,5
3683,116,4,1
3684,28,1,1
3685,128,4,3
3686,91,3,1
3687,109,3,3
3688,36,3,3
3689,125,1,3
3690,23,1,2
3691,114,3,5
3692,10,1,1
3693,76,4,1
3694,87,5,5
3695,103,6,3
3696,53,4,5
3697,78,6,5
3698,19,3,3
3699,106,1,4
3700,94,1,1
3701,55,5,1
3702,127,3,2
3703,36,5,3
3704,102,3,1
3705,99,4,4
3706,81,3,3
3707,27,6,2
3708,106,1,3
3709,123,4,4
3710,96,2,5
3711,42,2,5
3712,55,3,1
3713,56,4,3
3714,45,4,4
3715,7,1,5
3716,57,3,4
3717,84,5,3
3718,5,6,2
3719,101,3,3
3720,91,4,5
3721,119,3,2
3722,39,4,4
3723,51,2,3
3724,24,5,1
3725,123,4,5
3726,25,2,4
3727,69,4,1
3728,5,3,3
3729,54,3,4
3730,112,1,2
3731,90,3,1
3732,78,1,4
3733,16,2,4
3734,68,1,4
3735,84,1,5
3736,108,4,3
3737,96,1,1
3738,121,6,4
3739,30,5,2
3740,59,2,2
3741,51,4,5
3742,105,6,1
3743,28,1,5
3744,51,1,1
3745,87,1,4
3746,85,1,1
3747,13,5,4
3748,110,5,2
3749,121,6,4
3750,62,4,5
3751,24,2,5
3752,85,2,4
3753,3,3,5
3754,15,5,5
3755,21,6,3
3756,5,4,4
3757,110,1,3
3758,37,1,2
3759,116,6,2
3760,80,3,5
3761,127,2,4
3762,6,2,4
3763,121,3,2
3764,61,5,3
3765,65,1,3
3766,59,4,1
3767,56,6,5
3768,37,3,3
3769,76,6,2
3770,33,1,5
3771,95,4,4
3772,83,6,2
3773,26,1,2
3774,112,4,5
3775,116,6,1
3776,106,3,5
3777,81,6,1
3778,46,6,3
3779,30,1,4
3780,104,4,4
3781,29,6,5
3782,23,1,4
3783,106,2,2
3784,117,6,1
3785,118,6,4
3786,117,2,5
3787,14,5,4
3788,5,4,5
3789,20,1,4
3790,3,1,2
3791,1,6,4
3792,100,2,5
3793,7,1,3
3794,103,1,2
3795,51,4,1
3796,102,3,2
3797,37,1,4
3798,59,1,4
3799,5,5,3
3800,88,1,1
3801,100,2,4
3802,41,2,5
3803,45,2,3
3804,97,5,3
3805,93,3,5
3806,70,6,5
3807,31,5,2
3808,91,6,2
3809,12,4,1
3810,72,3,3
3811,27,2,2
3812,23,4,2
3813,98,1,5
3814,106,2,1
3815,69,5,3
3816,52,2,1
3817,17,6,4
3818,41,1,5
3819,87,5,5
3820,42,2,4
3821,77,6,2
3822,27,1,4
3823,120,1,2
3824,100,1,1
3825,105,4,5
3826,30,4,4
3827,28,6,3
3828,31,6,2
3829,23,4,2
3830,91,3,5
3831,111,2,1
3832,114,5,3
3833,22,4,4
3834,9,5,5
3835,87,2,4
3836,54,4,4
3837,96,6,1
3838,6,4,3
3839,9,2,2
3840,27,4,3
3841,71,1,3
3842,95,5,1
3843,68,1,5
3844,46,4,5
3845,16,4,5
3846,61,4,4
3847,122,3,5
3848,74,6,1
3849,37,4,4
3850,120,2,2
3851,60,3,3
3852,41,2,2
3853,80,2,4
3854,128,5,3
3855,17,4,5
3856,24,6,3
3857,36,6,5
3858,82,6,1
3859,21,2,3
3860,37,5,5
3861,55,1,5
3862,43,1,2
3863,60,6,1
3864,128,3,1
3865,82,1,5
3866,67,6,4
3867,90,6,1
3868,55,3,4
3869,87,4,5
3870,37,2,3
3871,1,6,2
3872,53,1,2
3873,7,2,3
3874,124,4,4
3875,35,3,1
3876,44,3,2
3877,27,2,2
3878,92,2,3
3879,99,4,3
3880,7,6,4
3881,49,2,2
3882,75,3,4
3883,4,6,1
3884,86,4,2
3885,15,6,1
3886,30,1,2
3887,115,3,1
3888,116,6,5
3889,68,4,1
3890,55,3,5
3891,125,6,5
3892,13,6,1
3893,108,2,5
3894,103,2,2
3895,70,3,3
3896,14,3,4
3897,83,4,3
3898,9,1,5
3899,99,2,1
3900,126,1,1
3901,122,5,3
3902,31,1,4
3903,71,4,1
3904,65,5,5
3905,82,3,5
3906,68,1,4
3907,124,5,5
3908,57,4,5
3909,58,4,2
3910,94,4,5
3911,5,4,4
3912,121,3,3
3913,35,4,5
3914,32,3,1
3915,37,2,3
3916,109,1,4
3917,126,4,5
3918,13,5,1
3919,122,6,5
3920,71,2,3
3921,70,1,3
3922,69,5,3
3923,48,2,1
3924,18,2,3
3925,68,3,3
3926,78,2,4
3927,29,3,4
3928,47,6,4
3929,73,3,1
3930,79,1,1
3931,15,5,5
3932,27,2,5
3933,62,3,3
3934,113,2,5
3935,3,5,5
3936,102,1,5
3937,58,5,5
3938,31,4,5
3939,94,2,4
3940,99,2,1
3941,118,5,2
3942,24,6,3
3943,63,2,4
3944,118,3,1
3945,86,5,3
3946,27,6,3
3947,41,2,5
3948,37,1,3
3949,106,1,3
3950,58,5,5
3951,33,3,5
3952,126,4,2
3953,81,3,5
3954,10,6,1
3955,32,5,5
3956,11,6,4
3957,7,4,4
3958,26,2,3
3959,15,6,3
3960,79,2,5
3961,58,6,5
3962,35,1,5
3963,44,5,5
3964,68,1,1
3965,68,6,3
3966,38,6,1
3967,74,6,4
3968,61,1,3
3969,20,1,4
3970,56,2,2
3971,71,5,3
3972,122,6,5
3973,74,6,2
3974,63,6,5
3975,41,6,2
3976,80,3,2
3977,29,4,3
3978,88,4,3
3979,98,5,3
3980,43,3,3
3981,79,3,2
3982,27,1,2
3983,27,1,3
3984,70,4,3
3985,125,1,3
3986,21,2,4
3987,100,1,2
3988,79,6,2
3989,22,6,3
3990,122,4,5
3991,111,1,3
3992,114,5,1
3993,47,1,3
3994,37,1,3
3995,76,6,5
3996,65,4,3
3997,104,6,4
3998,106,1,1
3999,55,5,3
4000,10,3,3
4001,106,5,2
4002,107,5,2
4003,3,2,3
4004,1,3,1
4005,94,2,3
4006,27,1,2
4007,114,4,2
4008,41,6,4
4009,97,2,2
4010,114,4,4
4011,35,4,2
4012,67,3,3
4013,59,6,1
4014,73,4,4
4015,63,4,2
4016,45,1,5
4017,111,1,3
4018,52,4,5
4019,97,3,2
4020,67,5,4
4021,5,5,3
4022,36,6,1
4023,66,5,4
4024,49,6,2
4025,47,2,1
4026,6,3,1
4027,18,6,1
4028,57,1,2
4029,9,1,5
4030,85,3,4
4031,34,3,1
4032,34,1,5
4033,40,3,5
4034,41,4,3
4035,21,5,5
4036,52,3,4
4037,25,6,1
4038,117,6,2
4039,48,6,3
4040,12,4,2
4041,39,1,1
4042,34,5,1
4043,40,3,1
4044,121,5,1
4045,97,1,1
4046,104,4,2
4047,128,4,2
4048,94,6,3
4049,50,5,5
4050,7,5,3
4051,127,2,1
4052,83,4,4
4053,3,3,5
4054,33,5,5
4055,97,1,2
4056,126,4,2
4057,23,4,3
4058,53,5,2
4059,88,6,4
4060,53,3,1
4061,54,6,4
4062,98,1,4
4063,40,4,4
4064,70,3,3
4065,80,6,1
4066,120,1,5
4067,122,3,2
4068,5,1,1
4069,46,1,5
4070,61,4,4
4071,27,4,1
4072,46,4,4
4073,106,2,3
4074,54,4,1
4075,27,2,4
4076,9,1,5
4077,102,1,4
4078,3,2,3
4079,98,4,4
4080,26,3,4
4081,69,3,3
4082,116,5,1
4083,75,2,2
4084,89,2,5
4085,49,6,3
4086,88,1,1
4087,27,1,1
4088,111,3,4
4089,98,4,4
4090,89,3,4
4091,32,5,2
4092,18,4,3
4093,80,3,4
4094,53,6,2
4095,69,5,2
4096,28,4,4
4097,44,2,1
4098,98,2,5
4099,13,4,4
4100,4,4,1
4101,70,2,5
4102,85,6,3
4103,43,3,4
4104,14,5,3
4105,127,4,3
4106,7,6,4
4107,49,3,4
4108,84,2,5
4109,3,2,1
4110,44,1,5
4111,38,1,1
4112,88,1,4
4113,115,3,2
4114,80,1,2
4115,93,5,5
4116,110,1,3
4117,61,2,2
4118,88,2,4
4119,42,3,2
4120,129,2,2
4121,9,5,5
4122,76,1,3
4123,76,2,2
4124,120,6,4
4125,11,2,2
4126,104,5,2
4127,37,2,4
4128,7,3,1
4129,103,2,5
4130,47,6,2
4131,117,4,2
4132,79,3,1
4133,124,3,4
4134,98,1,4
4135,41,2,1
4136,6,4,3
4137,101,3,3
4138,85,5,1
4139,98,2,5
4140,46,6,1
4141,29,5,5
4142,10,4,3
4143,118,4,3
4144,6,1,3
4145,102,5,1
4146,89,5,4
4147,61,5,4
4148,90,6,2
4149,18,5,4
4150,88,3,3
4151,40,1,1
4152,107,5,2
4153,48,3,3
4154,99,3,2
4155,102,5,3
4156,13,2,5
4157,18,3,3
4158,109,1,3
4159,29,6,3
4160,25,2,4
4161,27,1,3
4162,122,2,2
4163,87,2,4
4164,109,3,5
4165,63,5,4
4166,75,5,5
4167,24,2,5
4168,93,4,4
4169,3,6,1
4170,11,4,4
4171,54,2,2
4172,28,5,3
4173,111,5,5
4174,95,6,5
4175,87,4,2
4176,60,6,2
4177,91,2,4
4178,33,2,3
4179,123,4,5
4180,41,2,5
4181,11,1,3
4182,48,4,2
4183,128,3,1
4184,42,6,4
4185,97,2,2
4186,33,4,3
4187,58,5,1
4188,9,2,2
4189,51,5,3
4190,21,3,3
4191,87,6,1
4192,38,6,4
4193,39,1,5
4194,65,3,5
4195,124,2,4
4196,124,4,3
4197,114,5,3
4198,23,1,1
4199,66,6,5
4200,38,2,1
4201,31,3,3
4202,111,6,2
4203,17,4,1
4204,23,3,4
4205,14,5,4
4206,91,5,4
4207,95,6,4
4208,85,3,4
4209,106,2,5
4210,98,6,3
4211,72,6,2
4212,31,2,1
4213,27,3,1
4214,85,3,5
4215,95,4,3
4216,72,1,2
4217,40,2,3
4218,90,5,1
4219,18,4,3
4220,53,5,4
4221,55,4,4
4222,20,5,1
4223,25,2,2
4224,121,1,1
4225,17,1,2
4226,65,2,2
4227,88,4,4
4228,93,5,3
4229,75,2,2
4230,116,6,5
4231,31,1,5
4232,104,5,4
4233,72,1,1
4234,38,1,2
4235,87,3,3
4236,78,6,4
4237,112,1,3
4238,95,2,5
4239,111,3,4
4240,107,5,1
4241,29,3,3
4242,64,5,3
4243,54,6,5
4244,90,3,2
4245,19,5,2
4246,89,4,1
4247,38,4,2
4248,73,1,5
4249,45,1,4
4250,92,5,4
4251,37,5,5
4252,12,2,2
4253,94,1,3
4254,47,1,5
4255,10,2,1
4256,48,5,1
4257,106,1,2
4258,95,3,2
4259,73,1,5
4260,38,6,1
4261,53,1,4
4262,119,3,5
4263,86,2,4
4264,99,5,5
4265,77,5,5
4266,61,4,2
4267,129,2,3
4268,83,6,3
4269,78,1,2
4270,106,1,2
4271,115,3,5
4272,82,5,3
4273,27,4,2
4274,26,1,2
4275,89,1,3
4276,1,4,4
4277,21,6,5
4278,128,6,1
4279,7,1,3
4280,37,6,3
4281,37,2,2
4282,55,4,3
4283,72,6,1
4284,125,4,5
4285,46,6,3
4286,97,3,1
4287,127,4,5
4288,62,6,2
4289,8,5,5
4290,52,4,1
4291,83,4,3
4292,121,2,5
4293,128,1,3
4294,92,1,4
4295,8,2,1
4296,111,5,4
4297,21,3,3
4298,31,3,4
4299,67,4,2
4300,108,6,1
4301,82,3,5
4302,37,6,2
4303,119,1,3
4304,63,4,3
4305,88,1,4
4306,56,4,3
4307,97,6,5
4308,27,5,3
4309,63,3,3
4310,93,5,4
4311,116,1,1
4312,90,2,5
4313,66,4,2
4314,86,4,1
4315,92,5,3
4316,78,1,2
4317,118,6,5
4318,96,4,4
4319,117,3,2
4320,100,4,1
4321,103,6,5
4322,74,2,3
4323,48,5,2
4324,1,6,3
4325,112,2,2
4326,43,5,5
4327,40,5,1
4328,49,6,1
4329,91,3,2
4330,41,2,4
4331,25,4,2
4332,8,6,3
4333,7,1,1
4334,81,6,2
4335,118,4,5
4336,81,6,5
4337,47,5,2
4338,6,2,1
4339,117,4,5
4340,42,5,3
4341,64,5,1
4342,66,2,2
4343,84,6,2
4344,9,3,3
4345,49,3,5
4346,126,5,3
4347,19,6,1
4348,110,6,3
4349,40,4,4
4350,101,2,3
4351,80,1,1
4352,128,3,3
4353,56,1,2
4354,44,3,1
4355,82,3,1
4356,102,4,4
4357,76,6,3
4358,32,4,5
4359,89,1,4
4360,24,6,5
4361,84,3,5
4362,63,2,1
4363,74,6,2
4364,61,1,5
4365,85,3,3
4366,101,6,3
4367,72,6,5
4368,15,4,4
4369,47,1,3
4370,8,2,2
4371,89,3,5
4372,125,3,5
4373,92,2,4
4374,105,2,2
4375,47,3,4
4376,42,2,2
4377,29,4,2
4378,94,6,5
4379,60,5,1
4380,112,4,3
4381,85,1,2
4382,78,4,3
4383,58,3,5
4384,65,6,1
4385,100,6,1
4386,64,5,1
4387,78,4,5
4388,64,1,2
4389,68,2,4
4390,104,6,1
4391,63,1,2
4392,100,6,5
4393,53,5,1
4394,40,3,3
4395,95,3,4
4396,1,5,4
4397,72,1,5
4398,85,5,3
4399,27,1,4
4400,30,2,5
4401,35,5,4
4402,72,2,3
4403,119,1,4
4404,100,1,1
4405,45,3,2
4406,111,1,5
4407,90,5,5
4408,81,2,1
4409,124,6,1
4410,58,3,3
4411,64,4,2
4412,41,2,2
4413,103,4,5
4414,60,5,4
4415,124,6,1
4416,15,3,5
4417,90,4,4
4418,52,5,1
4419,99,2,1
4420,44,1,5
4421,41,2,5
4422,34,3,3
4423,60,1,5
4424,101,2,3
4425,92,4,3
4426,102,2,5
4427,37,2,4
4428,32,5,1
4429,53,3,2
4430,93,6,2
4431,118,1,1
4432,69,3,5
4433,67,1,4
4434,40,2,5
4435,13,3,1
4436,47,3,5
4437,71,5,4
4438,39,5,2
4439,54,5,4
4440,94,2,4
4441,93,6,4
4442,121,4,2
4443,46,2,2
4444,59,6,3
4445,129,4,5
4446,24,5,3
4447,37,3,3
4448,105,5,1
4449,88,1,2
4450,11,3,4
4451,11,5,1
4452,14,5,5
4453,30,5,2
4454,126,5,2
4455,61,1,2
4456,83,4,5
4457,107,4,2
4458,91,1,3
4459,96,4,2
4460,40,3,1
4461,120,6,1
4462,118,2,5
4463,24,2,2
4464,71,3,3
4465,56,1,5
4466,52,1,1
4467,8,4,3
4468,64,4,4
4469,12,2,4
4470,105,4,5
4471,128,5,5
4472,103,6,5
4473,127,5,4
4474,112,6,1
4475,64,5,5
4476,39,1,1
4477,88,2,4
4478,49,6,4
4479,96,1,5
4480,37,2,5
4481,17,3,1
4482,43,6,5
4483,8,5,1
4484,35,6,1
4485,32,1,1
4486,81,5,5
4487,125,2,2
4488,78,4,4
4489,117,4,3
4490,63,6,4
4491,54,4,4
4492,51,6,5
4493,31,5,2
4494,39,3,1
4495,27,4,5
4496,52,4,4
4497,52,3,3
4498,116,2,4
4499,127,5,1
4500,104,2,2
4501,41,4,1
4502,117,2,3
4503,24,4,1
4504,58,4,4
4505,121,2,1
4506,104,4,4
4507,19,2,3
4508,124,4,2
4509,91,6,2
4510,111,3,5
4511,125,6,1
4512,43,5,4
4513,80,3,1
4514,119,2,3
4515,124,3,2
4516,103,3,1
4517,105,5,3
4518,58,5,3
4519,53,3,4
4520,41,6,5
4521,112,5,5
4522,17,6,3
4523,26,5,4
4524,81,5,5
4525,21,5,3
4526,102,6,1
4527,96,5,5
4528,107,2,2
4529,103,2,3
4530,40,1,4
4531,122,4,1
4532,53,6,4
4533,40,5,5
4534,69,5,4
4535,46,3,5
4536,109,3,5
4537,66,6,5
4538,127,4,5
4539,1,2,3
4540,27,1,1
4541,42,1,1
4542,23,6,2
4543,22,6,5
4544,36,4,1
4545,38,2,1
4546,72,6,4
4547,116,1,1
4548,109,4,2
4549,97,4,4
4550,89,1,1
4551,16,3,1
4552,62,3,5
4553,8,2,3
4554,27,2,2
4555,109,1,2
4556,99,3,1
4557,103,3,1
4558,73,2,3
4559,41,3,3
4560,50,4,5
4561,125,6,4
4562,63,1,2
4563,83,4,3
4564,93,3,5
4565,36,1,5
4566,92,4,4
4567,102,1,2
4568,87,6,3
4569,29,6,5
4570,14,5,1
4571,125,6,2
4572,97,4,4
4573,90,5,1
4574,5,5,5
4575,121,5,5
4576,122,2,2
4577,89,3,3
4578,40,1,3
4579,61,2,2
4580,64,4,1
4581,47,1,5
4582,68,2,1
4583,4,6,5
4584,37,5,3
4585,109,5,5
4586,36,6,4
4587,59,1,4
4588,76,1,3
4589,66,5,1
4590,60,2,5
4591,43,1,1
4592,98,3,5
4593,26,3,3
4594,99,1,3
4595,46,6,2
4596,28,3,5
4597,61,4,4
4598,71,5,1
4599,46,5,4
4600,115,4,3
4601,122,5,3
4602,67,4,1
4603,83,4,1
4604,71,1,3
4605,114,6,3
4606,61,2,5
4607,43,3,5
4608,72,6,3
4609,47,2,3
4610,90,2,5
4611,103,1,1
4612,55,4,3
4613,65,4,3
4614,97,4,5
4615,122,3,4
4616,9,1,1
4617,14,3,3
4618,64,4,4
4619,23,5,4
4620,16,5,1
4621,24,1,5
4622,82,2,5
4623,17,1,5
4624,100,2,5
4625,56,1,2
4626,47,1,3
4627,12,1,1
4628,124,3,2
4629,103,5,5
4630,16,2,1
4631,104,1,2
4632,67,3,5
4633,16,6,1
4634,45,2,4
4635,117,2,5
4636,66,3,3
4637,17,2,5
4638,35,4,1
4639,65,3,4
4640,117,5,5
4641,69,6,1
4642,22,1,5
4643,38,6,4
4644,89,2,2
4645,34,3,4
4646,24,6,2
4647,100,4,3
4648,68,1,3
4649,82,1,2
4650,72,6,3
4651,28,1,1
4652,94,5,4
4653,23,4,3
4654,23,5,1
4655,18,5,1
4656,92,2,1
4657,102,1,1
4658,122,4,1
4659,39,2,5
4660,112,5,1
4661,58,1,1
4662,128,5,3
4663,84,1,2
4664,39,3,5
4665,125,6,1
4666,55,3,5
4667,13,1,5
4668,117,5,5
4669,4,2,1
4670,119,5,2
4671,7,3,5
4672,121,3,4
4673,67,6,5
4674,116,4,4
4675,13,6,3
4676,24,2,3
4677,92,3,4
4678,121,3,2
4679,97,2,2
4680,88,6,2
4681,43,1,1
4682,84,1,1
4683,64,5,5
4684,37,6,2
4685,74,4,3
4686,125,3,3
4687,61,6,5
4688,108,5,2
4689,52,2,3
4690,94,2,2
4691,61,4,2
4692,29,5,5
4693,3,1,4
4694,60,1,1
4695,112,5,3
4696,10,2,3
4697,13,5,2
4698,33,1,1
4699,49,1,4
4700,94,1,5
4701,61,1,4
4702,67,1,2
4703,4,5,4
4704,103,5,4
4705,100,5,5
4706,96,6,5
4707,77,4,3
4708,46,6,5
4709,8,5,2
4710,23,2,4
4711,101,5,1
4712,19,2,5
4713,19,2,5
4714,10,5,3
4715,122,6,5
4716,15,2,2
4717,57,3,5
4718,20,2,2
4719,27,5,1
4720,6,4,5
4721,39,6,2
4722,120,5,4
4723,67,6,1
4724,64,1,4
4725,82,2,2
4726,76,1,5
4727,58,4,4
4728,14,5,1
4729,57,1,4
4730,29,2,1
4731,97,3,3
4732,19,1,4
4733,28,6,1
4734,124,5,5
4735,50,6,2
4736,31,1,1
4737,10,1,1
4738,96,2,4
4739,88,2,2
4740,28,3,4
4741,41,2,4
4742,41,1,1
4743,18,5,5
4744,41,6,2
4745,100,4,2
4746,95,2,1
4747,1,6,1
4748,47,3,4
4749,128,4,2
4750,109,1,5
4751,80,3,4
4752,1,6,3
4753,69,4,5
4754,79,5,1
4755,113,1,1
4756,20,6,2
4757,81,6,1
4758,116,6,4
4759,63,2,1
4760,69,1,4
4761,66,3,4
4762,27,5,1
4763,125,6,2
4764,59,4,5
4765,111,1,5
4766,77,2,1
4767,45,3,1
4768,53,5,1
4769,78,4,2
4770,36,6,1
4771,113,1,4
4772,5,2,3
4773,117,4,1
4774,31,2,4
4775,4,2,4
4776,95,2,4
4777,98,5,4
4778,99,5,2
4779,56,6,4
4780,59,1,4
4781,35,2,3
4782,126,5,1
4783,121,4,5
4784,121,3,3
4785,89,6,4
4786,114,5,3
4787,57,1,5
4788,19,5,1
4789,115,4,1
4790,93,4,3
4791,32,4,4
4792,31,2,3
4793,14,4,3
4794,111,2,2
4795,76,3,2
4796,23,3,4
4797,90,5,3
4798,53,6,2
4799,66,4,4
4800,113,6,4
4801,21,3,2
4802,7,4,3
4803,39,6,1
4804,98,3,1
4805,90,2,3
4806,105,4,2
4807,123,1,1
4808,19,3,2
4809,100,4,3
4810,13,6,4
4811,32,4,3
4812,90,4,1
4813,47,5,5
4814,124,3,3
4815,73,4,1
4816,67,5,1
4817,106,5,2
4818,28,3,5
4819,50,5,2
4820,23,4,3
4821,62,6,4
4822,27,4,1
4823,22,6,4
4824,41,2,2
4825,5,5,4
4826,50,3,3
4827,99,2,3
4828,67,1,4
4829,26,5,2
4830,53,4,5
4831,7,5,1
4832,125,1,1
4833,111,1,4
4834,98,3,3
4835,40,2,4
4836,85,5,1
4837,122,1,3
4838,32,2,5
4839,81,1,4
4840,44,6,3
4841,28,3,5
4842,42,4,1
4843,3,1,3
4844,10,1,4
4845,34,3,4
4846,42,3,2
4847,64,4,2
4848,91,5,1
4849,102,1,4
4850,68,4,2
4851,108,2,1
4852,114,1,2
4853,110,2,1
4854,63,1,3
4855,81,3,2
4856,98,4,4
4857,16,6,4
4858,72,3,3
4859,16,4,2
4860,57,1,4
4861,126,5,3
4862,80,2,4
4863,124,4,5
4864,52,1,4
4865,66,2,5
4866,14,5,5
4867,22,4,5
4868,122,1,5
4869,93,1,2
4870,26,5,2
4871,33,1,5
4872,49,5,5
4873,126,2,2
4874,98,2,4
4875,71,6,4
4876,71,4,4
4877,35,5,5
4878,81,6,3
4879,18,2,2
4880,9,6,3
4881,74,2,4
4882,69,2,4
4883,83,5,5
4884,4,3,2
4885,14,2,2
4886,95,6,4
4887,78,6,4
4888,70,6,5
4889,21,6,3
4890,51,4,3
4891,120,6,1
4892,52,6,5
4893,85,3,3
4894,42,6,2
4895,119,2,5
4896,106,1,4
4897,41,5,4
4898,117,4,5
4899,27,1,5
4900,3,4,4
4901,56,6,5
4902,99,4,5
4903,77,5,5
4904,112,3,4
4905,75,6,4
4906,77,4,5
4907,93,2,5
4908,35,5,5
4909,118,2,3
4910,61,6,3
4911,62,5,5
4912,61,5,3
4913,86,3,1
4914,12,6,2
4915,94,5,5
4916,129,4,4
4917,118,3,3
4918,24,1,5
4919,22,3,2
4920,128,3,3
4921,118,4,4
4922,55,4,4
4923,48,5,1
4924,62,1,5
4925,56,2,2
4926,119,5,2
4927,77,1,5
4928,39,5,5
4929,100,5,3
4930,74,2,2
4931,65,2,4
4932,15,6,2
4933,30,1,4
4934,111,2,4
4935,127,6,2
4936,44,3,4
4937,78,6,1
4938,21,6,2
4939,114,4,3
4940,101,1,4
4941,120,3,1
4942,76,1,5
4943,121,4,3
4944,80,6,5
4945,71,1,3
4946,38,3,5
4947,26,1,3
4948,118,4,4
4949,29,4,3
4950,26,6,4
4951,57,1,1
4952,4,3,5
4953,29,2,4
4954,53,4,2
4955,124,6,5
4956,101,4,3
4957,53,2,1
4958,68,2,4
4959,5,6,5
4960,60,6,1
4961,85,4,3
4962,12,5,1
4963,64,3,4
4964,62,6,4
4965,27,3,2
4966,7,2,2
4967,23,1,2
4968,128,4,4
4969,117,6,1
4970,96,3,2
4971,20,1,1
4972,51,5,5
4973,33,1,3
4974,41,3,2
4975,15,6,5
4976,123,3,4
4977,123,3,3
4978,96,5,4
4979,58,3,2
4980,100,1,4
4981,63,4,5
4982,76,6,3
4983,45,2,3
4984,12,2,2
4985,47,3,5
4986,10,1,4
4987,10,2,3
4988,127,4,2
4989,26,4,2
4990,10,2,1
4991,4,3,5
4992,65,4,1
4993,49,1,5
4994,115,1,2
4995,129,2,4
4996,4,4,2
4997,51,5,1
4998,24,2,4
4999,30,5,1
5000,73,2,1
5001,86,4,1
5002,19,3,4
5003,72,1,2
5004,10,5,4
5005,71,6,5
5006,29,6,5
5007,99,1,5
5008,6,1,1
5009,126,1,1
5010,84,1,5
5011,37,1,1
5012,70,6,1
5013,2,5,4
5014,94,1,3
5015,43,3,4
5016,29,3,5
5017,59,5,1
5018,44,1,2
5019,118,2,3
5020,96,1,1
5021,4,4,5
5022,9,5,4
5023,67,5,5
5024,26,1,3
5025,107,2,1
5026,117,4,3
5027,56,5,4
5028,21,6,4
5029,11,4,3
5030,116,5,3
5031,120,6,1
5032,63,6,5
5033,5,3,2
5034,3,3,2
5035,34,5,2
5036,101,2,5
5037,23,5,3
5038,60,3,4
5039,116,5,3
5040,91,6,2
5041,124,6,4
5042,75,4,3
5043,12,3,5
5044,116,6,4
5045,76,6,5
5046,12,3,3
5047,36,5,3
5048,13,4,2
5049,28,4,5
5050,31,6,1
5051,116,1,5
5052,107,4,3
5053,105,4,2
5054,81,5,1
5055,75,3,4
5056,115,2,3
5057,127,6,4
5058,74,4,4
5059,99,4,1
5060,35,3,1
5061,127,4,2
5062,85,5,1
5063,98,1,4
5064,23,1,3
5065,48,1,5
5066,120,2,2
5067,107,1,3
5068,23,3,5
5069,20,1,3
5070,118,2,1
5071,83,3,3
5072,17,6,5
5073,129,4,3
5074,78,5,4
5075,79,4,5
5076,47,1,3
5077,65,3,3
5078,16,6,4
5079,9,4,3
5080,49,2,3
5081,7,5,3
5082,6,5,2
5083,125,6,1
5084,80,3,2
5085,82,4,5
5086,13,3,4
5087,18,3,1
5088,121,3,4
5089,121,5,4
5090,73,6,2
5091,106,2,3
5092,21,6,4
5093,10,3,3
5094,93,1,2
5095,92,3,2
5096,122,1,5
5097,54,3,2
5098,12,4,5
5099,62,3,5
5100,12,6,4
5101,80,4,1
5102,60,2,3
5103,73,1,2
5104,96,5,5
5105,128,2,4
5106,71,5,1
5107,79,1,4
5108,116,3,3
5109,17,6,3
5110,68,6,5
5111,104,4,1
5112,67,1,3
5113,1,1,2
5114,94,2,4
5115,87,1,5
5116,6,6,4
5117,104,1,4
5118,116,1,4
5119,25,2,2
5120,119,4,5
5121,1,3,3
5122,58,4,3
5123,27,5,4
5124,95,6,5
5125,72,3,3
5126,5,6,1
5127,70,2,1
5128,1,6,5
5129,123,1,4
5130,36,6,4
5131,89,3,1
5132,127,3,2
5133,110,3,3
5134,81,3,5
5135,98,5,2
5136,103,2,3
5137,106,3,3
5138,15,2,3
5139,7,5,1
5140,47,6,2
5141,30,5,5
5142,39,5,5
5143,85,3,3
5144,8,6,4
5145,57,4,4
5146,56,3,3
5147,50,4,3
5148,87,6,1
5149,60,1,4
5150,99,1,1
5151,105,2,1
5152,103,6,5
5153,111,4,1
5154,94,6,1
5155,109,5,3
5156,73,1,5
5157,49,3,5
5158,10,3,1
5159,29,6,4
5160,80,5,2
5161,60,6,4
5162,129,2,2
5163,101,6,1
5164,114,1,4
5165,79,5,5
5166,38,3,2
5167,123,4,4
5168,73,6,5
5169,40,3,4
5170,81,1,1
5171,74,6,1
5172,71,1,5
5173,70,3,3
5174,52,5,4
5175,34,4,4
5176,86,6,5
5177,16,5,1
5178,54,4,3
5179,85,1,5
5180,88,4,5
5181,66,2,3
5182,81,2,1
5183,110,2,3
5184,66,6,3
5185,35,4,2
5186,37,6,2
5187,87,2,5
5188,41,6,3
5189,117,2,1
5190,83,1,1
5191,22,6,2
5192,81,5,3
5193,10,1,3
5194,94,3,2
5195,86,2,2
5196,64,6,4
5197,24,4,2
5198,61,6,2
5199,105,1,5
5200,126,3,3
5201,116,6,3
5202,122,6,2
5203,85,3,4
5204,77,2,1
5205,16,3,4
5206,79,4,4
5207,17,3,5
5208,120,5,3
5209,109,2,3
5210,32,6,4
5211,112,4,1
5212,108,2,2
5213,98,6,3
5214,47,4,4
5215,23,2,3
5216,65,5,1
5217,127,3,1
5218,109,5,3
5219,62,6,3
5220,114,2,1
5221,25,6,1
5222,17,4,1
5223,26,6,2
5224,37,6,3
5225,80,3,4
5226,91,2,5
5227,102,5,3
5228,23,6,1
5229,30,4,1
5230,4,4,4
5231,129,1,5
5232,92,6,5
5233,90,3,5
5234,3,1,1
5235,25,1,1
5236,45,4,2
5237,91,4,3
5238,97,2,4
5239,17,4,3
5240,125,2,4
5241,107,6,2
5242,97,2,5
5243,34,6,3
5244,59,4,3
5245,54,2,4
5246,119,4,3
5247,99,4,1
5248,95,1,5
5249,53,1,1
5250,106,1,3
5251,18,2,3
5252,115,4,2
5253,31,4,3
5254,70,6,1
5255,4,4,2
5256,19,4,3
5257,75,6,5
5258,49,4,2
5259,81,2,4
5260,63,1,1
5261,77,1,4
5262,2,6,4
5263,36,1,4
5264,117,1,3
5265,100,4,3
5266,20,6,5
5267,37,1,4
5268,108,3,5
5269,112,2,4
5270,44,1,2
5271,115,2,2
5272,123,4,1
5273,5,6,4
5274,70,5,4
5275,50,1,4
5276,128,6,2
5277,49,2,1
5278,53,4,2
5279,31,6,5
5280,82,5,4
5281,18,6,5
5282,77,2,1
5283,43,4,2
5284,93,3,3
5285,125,3,1
5286,2,2,5
5287,87,4,2
5288,22,4,4
5289,2,5,4
5290,93,1,5
5291,48,5,5
5292,37,2,4
5293,16,2,2
5294,21,5,4
5295,42,2,2
5296,32,1,5
5297,94,3,5
5298,72,6,5
5299,116,2,4
5300,67,1,5
5301,108,2,3
5302,93,5,5
5303,21,2,4
5304,43,4,4
5305,9,3,4
5306,58,1,5
5307,76,2,3
5308,107,1,1
5309,56,3,4
5310,128,3,1
5311,60,2,4
5312,120,2,5
5313,62,6,5
5314,22,5,5
5315,113,5,2
5316,9,2,2
5317,22,2,1
5318,38,6,1
5319,73,1,4
5320,78,1,4
5321,59,2,2
5322,69,1,2
5323,107,5,1
5324,3,6,2
5325,90,2,5
5326,34,2,4
5327,11,2,5
5328,100,6,4
5329,43,6,1
5330,75,2,5
5331,104,2,1
5332,115,2,1
5333,62,6,2
5334,9,6,1
5335,123,1,3
5336,61,1,4
5337,52,1,5
5338,21,5,2
5339,38,1,1
5340,100,6,4
5341,29,5,2
5342,113,1,3
5343,55,4,3
5344,59,1,3
5345,11,4,2
5346,72,5,4
5347,29,3,1
5348,63,4,3
5349,31,2,4
5350,113,5,3
5351,14,3,3
5352,93,1,5
5353,124,2,3
5354,66,4,2
5355,120,3,1
5356,99,1,3
5357,74,1,5
5358,107,2,1
5359,47,4,3
5360,98,1,4
5361,124,2,2
5362,40,6,4
5363,120,5,4
5364,78,4,2
5365,13,1,5
5366,33,6,2
5367,3,4,2
5368,61,6,3
5369,39,4,2
5370,112,4,1
5371,65,5,1
5372,46,6,1
5373,115,6,3
5374,19,1,5
5375,48,6,3
5376,115,3,1
5377,117,1,1
5378,21,5,2
5379,50,4,3
5380,32,4,2
5381,112,1,1
5382,10,4,2
5383,22,6,2
5384,114,3,3
5385,13,1,4
5386,108,3,3
5387,25,4,3
5388,59,2,4
5389,27,4,1
5390,106,4,4
5391,60,6,4
5392,79,6,5
5393,63,1,4
5394,96,6,1
5395,89,4,2
5396,69,3,4
5397,45,2,1
5398,73,3,5
5399,105,4,1
5400,106,4,5
5401,49,6,4
5402,118,1,2
5403,43,1,4
5404,80,4,5
5405,16,4,2
5406,56,3,4
5407,68,1,2
5408,81,1,5
5409,83,5,4
5410,91,5,1
5411,5,5,1
5412,108,2,2
5413,94,4,3
5414,47,2,5
5415,122,2,4
5416,35,4,2
5417,77,1,2
5418,92,5,2
5419,84,6,1
5420,89,5,3
5421,69,3,5
5422,11,1,1
5423,127,6,3
5424,12,6,1
5425,78,1,2
5426,79,1,4
5427,64,6,4
5428,34,1,3
5429,105,1,4
5430,126,6,5
5431,89,6,3
5432,108,3,5
5433,27,6,4
5434,88,6,2
5435,17,5,5
5436,110,1,4
5437,117,2,1
5438,11,4,1
5439,5,2,2
5440,110,4,2
5441,79,5,5
5442,126,3,4
5443,32,6,5
5444,52,6,4
5445,73,3,5
5446,23,2,5
5447,22,2,2
5448,59,3,1
5449,45,3,3
5450,80,3,1
5451,86,3,5
5452,14,2,1
5453,54,5,4
5454,21,3,2
5455,126,6,5
5456,24,2,5
5457,52,1,3
5458,110,1,2
5459,36,6,5
5460,52,4,4
5461,87,5,3
5462,62,6,1
5463,91,3,3
5464,3,2,4
5465,67,1,5
5466,62,3,4
5467,40,6,4
5468,68,4,5
5469,96,4,5
5470,17,5,3
5471,58,6,3
5472,102,3,2
5473,33,1,2
5474,2,3,4
5475,33,4,4
5476,116,6,5
5477,77,6,4
5478,109,2,5
5479,85,2,5
5480,14,5,4
5481,126,1,5
5482,60,4,2
5483,55,3,3
5484,97,3,1
5485,39,3,2
5486,40,4,1
5487,108,5,4
5488,103,5,1
5489,117,5,4
5490,116,4,3
5491,18,4,5
5492,104,5,4
5493,103,5,3
5494,104,4,5
5495,86,4,1
5496,42,5,2
5497,77,3,3
5498,46,5,5
5499,125,2,4
5500,23,4,4
5501,22,4,4
5502,60,1,1
5503,23,3,5
5504,14,5,3
5505,105,2,2
5506,104,6,3
5507,41,5,4
5508,38,6,5
5509,11,5,4
5510,91,3,4
5511,94,1,3
5512,85,4,4
5513,111,1,1
5514,120,1,4
5515,129,3,4
5516,56,5,1
5517,98,4,2
5518,91,6,1
5519,7,3,5
5520,76,2,4
5521,94,1,4
5522,107,5,5
5523,1,3,2
5524,26,6,1
5525,110,5,1
5526,72,3,2
5527,3,2,1
5528,34,2,2
5529,116,3,5
5530,48,5,5
5531,82,5,4
5532,76,6,3
5533,122,6,4
5534,76,4,2
5535,77,1,5
5536,32,5,1
5537,69,5,5
5538,18,6,5
5539,98,5,4
5540,31,1,3
5541,52,4,3
5542,100,1,3
5543,64,4,5
5544,86,6,4
5545,74,4,2
5546,107,5,3
5547,84,3,4
5548,36,5,4
5549,55,5,1
5550,46,2,5
5551,113,1,4
5552,128,5,5
5553,63,1,3
5554,6,1,5
5555,109,1,5
5556,65,1,3
5557,44,1,5
5558,94,5,5
5559,16,2,2
5560,78,4,1
5561,2,4,5
5562,8,3,4
5563,61,5,2
5564,57,2,2
5565,111,5,4
5566,15,3,3
5567,92,2,3
5568,38,2,4
5569,105,3,4
5570,31,3,4
5571,113,4,2
5572,86,5,2
5573,43,2,3
5574,118,4,5
5575,46,1,4
5576,24,4,5
5577,103,2,1
5578,42,5,2
5579,36,3,5
5580,95,1,2
5581,89,3,1
5582,40,3,1
5583,64,6,5
5584,71,6,1
5585,127,3,1
5586,58,2,5
5587,17,3,4
5588,53,3,3
5589,76,2,4
5590,8,2,5
5591,76,5,3
5592,121,4,4
5593,106,2,5
5594,68,1,4
5595,21,2,4
5596,79,5,3
5597,37,6,2
5598,24,6,3
5599,110,5,2
5600,50,2,3
5601,1,2,2
5602,70,1,3
5603,10,6,3
5604,98,6,4
5605,57,5,3
5606,26,1,2
5607,123,6,2
5608,108,1,5
5609,117,4,1
5610,33,4,4
5611,11,2,3
5612,21,5,1
5613,79,3,5
5614,122,4,2
5615,89,4,4
5616,4,5,2
5617,54,2,4
5618,118,1,5
5619,82,5,5
5620,21,5,2
5621,69,4,2
5622,92,4,2
5623,3,1,2
5624,22,6,2
5625,79,6,4
5626,7,1,5
5627,69,1,4
5628,2,1,5
5629,111,3,5
5630,98,5,5
5631,16,5,1
5632,58,4,1
5633,91,1,1
5634,65,5,1
5635,127,2,1
5636,48,1,4
5637,87,5,5
5638,118,1,4
5639,115,6,4
5640,107,6,1
5641,94,4,2
5642,114,2,4
5643,127,1,3
5644,100,4,3
5645,122,1,1
5646,78,6,2
5647,79,3,5
5648,90,4,3
5649,108,4,1
5650,93,3,4
5651,35,5,5
5652,38,3,4
5653,79,5,5
5654,29,5,3
5655,79,4,1
5656,115,2,1
5657,96,3,3
5658,111,2,5
5659,128,3,3
5660,64,1,1
5661,21,6,5
5662,119,6,4
5663,117,4,1
5664,8,6,5
5665,127,1,1
5666,79,4,4
5667,82,6,3
5668,87,5,5
5669,120,1,4
5670,120,6,5
5671,70,2,4
5672,27,5,4
5673,25,5,4
5674,121,5,1
5675,51,4,2
5676,94,1,3
5677,118,3,4
5678,69,2,1
5679,122,3,2
5680,92,1,3
5681,45,1,4
5682,81,2,2
5683,12,6,3
5684,74,3,5
5685,85,5,4
5686,96,6,3
5687,112,2,2
5688,19,5,2
5689,2,1,4
5690,78,3,3
5691,123,5,5
5692,101,6,3
5693,33,1,4
5694,86,2,5
5695,5,6,5
5696,59,2,4
5697,11,1,4
5698,107,5,1
5699,86,4,3
5700,47,4,5
5701,40,5,3
5702,127,6,4
5703,99,5,1
5704,12,3,1
5705,109,5,5
5706,62,3,1
5707,55,1,3
5708,90,5,3
5709,56,1,3
5710,48,5,4
5711,89,1,5
5712,71,4,2
5713,38,2,3
5714,12,4,1
5715,69,5,1
5716,38,4,4
5717,95,1,5
5718,91,5,3
5719,83,3,3
5720,95,5,4
5721,117,3,3
5722,55,3,2
5723,6,6,4
5724,74,1,4
5725,51,2,2
5726,38,4,5
5727,126,5,1
5728,111,3,5
5729,31,1,1
5730,89,2,5
5731,92,4,5
5732,37,4,3
5733,12,5,4
5734,45,3,4
5735,46,2,1
5736,86,4,3
5737,46,1,4
5738,111,5,3
5739,126,4,3
5740,124,5,5
5741,118,2,2
5742,59,6,3
5743,40,1,3
5744,94,3,2
5745,65,4,2
5746,28,6,2
5747,81,2,2
5748,8,4,4
5749,27,4,2
5750,20,1,3
5751,75,2,5
5752,43,2,4
5753,44,3,2
5754,123,1,5
5755,18,1,1
5756,34,6,3
5757,22,2,3
5758,92,2,1
5759,51,6,1
5760,91,2,5
5761,21,6,1
5762,104,6,2
5763,66,5,1
5764,50,2,1
5765,62,1,3
5766,25,1,1
5767,5,6,5
5768,107,6,1
5769,89,5,5
5770,20,3,4
5771,78,6,2
5772,115,2,5
5773,91,1,3
5774,118,1,4
5775,65,6,2
5776,124,2,5
5777,84,6,3
5778,17,2,2
5779,115,5,5
5780,51,1,4
5781,29,5,4
5782,90,3,4
5783,82,5,2
5784,125,3,2
5785,84,6,2
5786,85,4,4
5787,30,1,2
5788,72,1,3
5789,120,5,2
5790,103,3,4
5791,107,6,4
5792,68,4,3
5793,12,1,5
5794,108,6,1
5795,57,1,3
5796,3,5,2
5797,23,5,1
5798,94,5,4
5799,83,2,2
5800,96,5,1
5801,87,5,1
5802,79,3,4
5803,61,1,2
5804,46,5,1
5805,103,1,5
5806,51,3,4
5807,102,6,4
5808,72,4,5
5809,36,4,5
5810,72,6,4
5811,31,1,4
5812,42,6,1
5813,108,2,3
5814,83,3,3
5815,91,4,3
5816,5,5,4
5817,57,5,3
5818,2,3,2
5819,52,2,4
5820,107,4,2
5821,11,4,5
5822,22,2,1
5823,41,5,2
5824,49,3,3
5825,100,3,1
5826,67,6,2
5827,57,6,4
5828,126,2,3
5829,109,1,2
5830,69,6,5
5831,55,1,4
5832,76,6,4
5833,87,4,1
5834,9,4,1
5835,103,6,5
5836,28,6,1
5837,110,5,3
5838,117,5,4
5839,79,5,3
5840,104,3,3
5841,48,3,3
5842,117,4,1
5843,121,5,2
5844,104,3,4
5845,66,2,4
5846,119,6,1
5847,16,2,4
5848,70,2,4
5849,68,2,5
5850,91,3,3
5851,118,3,1
5852,2,2,3
5853,28,1,3
5854,91,3,1
5855,119,3,1
5856,124,4,3
5857,54,4,1
5858,85,3,2
5859,81,6,2
5860,114,5,1
5861,119,1,2
5862,7,1,2
5863,31,2,5
5864,51,1,3
5865,7,1,3
5866,125,5,2
5867,60,5,4
5868,77,3,4
5869,36,2,2
5870,53,5,2
5871,6,2,2
5872,45,1,4
5873,13,1,4
5874,73,1,4
5875,16,5,4
5876,19,6,5
5877,9,5,3
5878,73,2,5
5879,116,4,1
5880,99,4,2
5881,119,3,2
5882,1,4,2
5883,70,5,4
5884,18,4,2
5885,127,2,1
5886,115,4,4
5887,78,2,1
5888,26,4,2
5889,18,6,4
5890,3,6,1
5891,113,5,3
5892,32,4,2
5893,65,4,2
5894,106,5,3
5895,57,1,4
5896,19,6,1
5897,15,1,4
5898,71,5,2
5899,64,3,2
5900,44,1,2
5901,119,6,1
5902,99,2,2
5903,33,3,3
5904,23,5,4
5905,34,6,4
5906,11,4,2
5907,31,6,4
5908,68,2,2
5909,8,6,2
5910,82,1,3
5911,58,6,3
5912,81,1,1
5913,116,4,5
5914,117,3,1
5915,121,5,2
5916,50,5,1
5917,77,6,5
5918,110,3,1
5919,26,3,2
5920,98,5,1
5921,66,2,3
5922,121,3,4
5923,109,1,4
5924,103,1,3
5925,87,2,4
5926,68,5,2
5927,55,3,2
5928,47,3,1
5929,79,5,3
5930,89,5,1
5931,118,1,1
5932,73,2,5
5933,44,3,4
5934,27,3,1
5935,85,6,3
5936,110,4,1
5937,40,6,3
5938,94,5,3
5939,53,5,4
5940,102,4,3
5941,12,5,5
5942,10,3,2
5943,45,3,5
5944,90,6,5
5945,104,6,5
5946,100,4,1
5947,6,3,1
5948,57,6,2
5949,52,1,2
5950,34,2,1
5951,58,2,1
5952,4,1,3
5953,3,5,4
5954,39,2,2
5955,24,1,1
5956,128,4,1
5957,56,2,3
5958,48,1,5
5959,94,3,3
5960,32,1,3
5961,124,2,2
5962,37,2,4
5963,122,6,5
5964,36,4,1
5965,90,6,3
5966,7,4,2
5967,37,6,5
5968,8,1,2
5969,25,1,2
5970,68,4,3
5971,100,4,1
5972,104,5,2
5973,12,2,3
5974,105,1,4
5975,17,5,3
5976,34,6,2
5977,10,3,1
5978,118,3,5
5979,113,2,4
5980,21,5,4
5981,97,4,5
5982,70,1,1
5983,55,1,2
5984,19,6,1
5985,1,3,2
5986,113,3,5
5987,124,2,4
5988,24,4,4
5989,109,5,5
5990,125,6,1
5991,9,2,5
5992,12,5,3
5993,92,3,4
5994,121,2,2
5995,9,2,1
5996,108,6,1
5997,127,6,4
5998,117,1,3
5999,10,4,1
6000,80,1,1